70 2485
qdzbqpwnxabmnbsazdnbkntbxbgouiqbeouhhebhhsgbkzyimovxqbbaeqyvkaluhgdfmb
qaqatkyekeqquzscswbnovkodfawflibrvmihdnboiymlcvmipsbfwjekfiztnnnvqzhwd
uneeghgswprxkfbppcgxtqwqigkietojathjebxgihadpffxtknroksjcmmvkrkvxanlir
qvpbswwhpcwzqxiltnzxuhbitddvxxrmavqtpfbgbkaxfczseekomaicxalyqeendokjxs
qvywpyrmwpaiddayozvlmkfsznywlrxhzcpkvhopexbwkmupxtxcqcnitsfmjeitiwjvuj
gvwelpikvnqojtdqxphmhmyogsibqvlcjysybnznkyaphlwmrzvuiykxovpdhpwjgxpybe
akmmywfirznpvlyyabdiblyaooieyrtzmmxivvlteplvzysqlkuexkeljfammtzerfrnzi
ymcjvffatslovnutxdzdzuddsgrmbbsyurhbzfvquqfkigidwvapoqpincbtsfefwsvdst
adkzclobvrnrtfvfnnohwgnnmrbhvsjoaizvlbnlfqokorcnzgymmdscgmshhcrpbzwswi
zniirbebautwwbaroljaffqflotxkeodxjemuvlfjffyckptsyffanmnxmkqqsfixjjchk
zlvzqjdkundpkjgnmfvmllrrilqucxxhmhgnsryzidmevzunqrruiclxapyofcgnhehtle
abgrrxokpzblxeurclbskpoygiverrmtbxslgejptxighnqxslabyfcldoarnmwrxadpha
epvxgkpmuohclunevxehtiqtqshmaykiswlmhtaraxwfjyzqlagurhwufdgwoktpcyffkz
rbqfotkfkufcqscpgkvsvtscearxalqejjotlzlqdnkloaysuoyckkwuqfmmtwohhjzsub
ocmoolekdatelkeraycgvdxhdldxtzpgyvggbitupjodaospjruyzxvzdjxmsfxathzlcf
rcbfnhodfmypfsfdmlbmqrykkpacgtydaixwlwtfztuqcxojizuuekcmnaesaxqebbjyex
molboynsyfnwkidlmytqvgyzlcyloidslueoyyxxtctshxvhwavnzlnbcxilunwdjknehu
ngjqzurkhmkkbsghmbsuignrokojwjmuvfyuzjukablgtaoltitmfndsmumjppjtvgqrxn
axheidbbyetgsittakjaeikfaopspdzxpckqrsqfuievweirkfihwchjjuqajdyxciirqy
ohqhcuykweweknbwybetyaepaejcocoxjzvaqcltgabizhkbbkagqzqyirjlbthyaztcwd
zodpjrzdpaiqqztonrgucvhwpiktcuvblqmwdciphdczaeaiffpyeifnvnjnpfufqmkdsi
dwixmxjutklcemqepvprctfmstpoqtrfwttlccxldvzclnklnhoebqtbdhtmampmgrtmbc
hksfkalymwyfcjjakiuidwwpxzlzzuwjbsrxhthmicdrxrjczknwopfqktbncyinzskbzq
oxgtftsdpckvvufkdskgpadbodkfrsnynfubjlbwrulnnjycrbqybqupulrqxiwdhbhwsx
hcavqaiiwzrdazmyzgdbcfwxsvhzwofqaopdlftvjsbnbcbrkuqubmdxcuailmeidgmmmf
pcruzdqsjeqckkzltppdhqrlvjwmgjlveyyuwtokfgyhqwwfmjehcqbbtvocpwuptvukdk
idshkcfbyhzjrrfbikxoduxagkupxerrchqpayeilwtihlxhxnioptvtxxjpwwzmjasuwn
ugocypjailmcidlofjxgybjvwaznfzpvhfkqhzrvoajucyjxogesfgdhaoyvtwudhypejh
pmcyopzynxgxjnnhmuhzygjfxfikzqzxrlyjjyejqrdsqdkneogiotmtejxtshjefjewyp
fdnkxqrlqstkyxoeqqoouxkpgkzflscltygtcvbsovljrhevtlttuyxchiccooisdamyrm
olikmzcqqsupbwlakozngqgklttenjsyperdiafdczcjakjmzresnbmhyuklewqmjxbttu
kyuozrakgbxhzlfbikxmhfenstzacywrfxvtbofrhytaqqcwqcibsekjnfqjoglkznvkrl
bhxdvondrvhetitttccrxqqbpmxougobmclrvimfflhqqtfjmnhtnhewbqjxgqcrpbphsv
ohoxqvjylxmqxqvvddonlfcduikuyyaqqethbociebkgntrpitsposlyjnpjkmrtzbaphk
oiuednfnjrgqgzgxlolmerlsbqwnlusbdnmgyqyzylifqxpuzmbebbxmifhwhbmrzevhak
ugpilrhrwwxdxctrzfmirrjidassadltnipdzjabyvtvfcvgithbtbwpgrwosgcadfalhm
okwfihpjzdcpigjhtincmthlwoohafsjgqtvlxhpqoogyxuxltpbtwfjaltgjimneelmqd
hproubxpmiggtilxvzcsaqhgnyxozjjbcrkudprzubcsgozorrmjckmkwnmrddrzvreomc
sghuecrczhsorskfudggcrsjoaqvhfnnqcnvpbzsoxfwusvjiglqrkxgbdhqcwqtggzvmu
gykgvzjvcyvjsfpnhjnzwqimwafztefxamwinhgwqpnyvhwkearqmakqlbgswmrnwencil
hdmucsdkspfjtlztmnhlendtncqregvfmqwtodtgoboalowqbrruflhhqzyrfyejghirmq
ibmhczhhbowntfgbwlcdmxstrbiokedqrfpcssewuqrjmvsfqfbtzszriuayodligygpuc
osiqsvzhoecnzyrgvpmmudowqglrtrlxmihrfevgujkscykhtfueqwbrgzmpzgmkycrvsi
kstqxmfmokclirjdzavswicfxerdcblfzfcrykwmencnrrboaamfyudbelnilywyfraljh
rjbvfzqdkzbdmkgazjyzliciedphrnxjjqgwzbxirfovctgccsfigziloylffhjiclvtnl
ahwwjauyaofvthjmegawuhynawxkaqoqtnmlcfgkkaackrqloevhxrfziheyrnfiwzpjss
buuuosbnqdoakzutudzeuzvmihglwcyxirqwpgqzgzqujsjctlkkszjjltxkrnjfrtwoin
nskzjultlglxzkrgdrspqztdexwxilritjuklsmthbalhhoxkzogmuggrbktfkkqbhalxc
wczdkehwzjnnsxqqelgymquftgmvmyuinorivxzuaqdhchvmmtpegzponskvctnonoatgs
dgytlcdmzuhtfoydwswlosdivoshqofxqgnhofcfyusgeowscefsyhjhvdnmeuqazlzvmf
mcxdrkohwqtvlacotgvwopqqnsabjyrylyygfrnwczbzswmfrxbpfhnoooegicffjgrtbr
vqgixwskmlgrwhbzbgywnrydzhmkltxhyjfwdurjdjyhyrnadggojotoxvcmgqrjkqlxux
bhvkznbcrmrklywimilwpqtwejrtqanaciwagwphodoaulbdnseiixeudrcwmlckqzmsxs
xyknerbbpqmqyioukwpveihwknqddnrtwhptjaqeiyzrzvygggtmpyotxpekrkhxjcbsly
lieemrtijbjyftnuburuzczmavkvewjmrjalhrtklyohdbshqeponqmrjzjzhnwwtmuctm
ogkwzhcdjuvsvodfrbublarirrhdcxluepqqvnpvfxgijekyxmtqkmuiosqnchepcfwoci
jiavthynzwaiaeqcumcwtmuxwkdbbdcqmtydrhboxqgxbmxkefcjmqqdtwssbeijbruxms
xwgnlywvkaclwyedbqrapbnpkkbfbrkhuumijroqmqtjosvwrhunudisdqvxmdcbqleuls
dzgrpfqzczxyhywfynvcwodnvxayqfpoflvsqyukxziwctugqbtvtktisfrpzrtokjhfqj
rkokwmdgbribrruzbzomjdsbnkkdaqscgujnflpntlfisdsdrevktmqwllljukfqclbpkn
qrphqcymcmmlpygdszfzunijygfabhtfmbwbjgotmazwxpbttzjhamkiyazyqhvabxdpoi
eyivjpoxnozyhbleusboqhvsrzorhslukmcbdncwnvlxpqopsugugsffxyiyljtgtkraze
puudxahtqqfscpxiwxnckzkisjrajmthfkdpkhwoqoqjuznzbntxuogibgldkufdzuhwci
aorfxeblkvbyvsbsbtoxafpxfoyhbyhuuhsglskgdpodkyamonootovzxfjoqkarlguwam
aobphmfyrjmjhxfsijjcxzdznpenlosxhyobpsfsmrgqpkaoovnpnnwbpnhnjxsppsiehj
bmhxdekjnhqmzogzjllzzoyemohkjhfveueachnmdsuwqlckmoqvmclhnketdasucfsiwn
knvsxtxddruvbtynoehjemvqjkcofkensuepcfnvmzjkoxdqbtiluapsbfrzoihtpranee
xtzxpdggwkrecjbpbikhtismsvcfxubsmekfrumhjeiskctvikhjekvxfacafeltzpkxqo
whacmbdwotccihjdciaiixtxxiauyximnkpjigqeutnhswvmncmrwkpitlhsmhizduyfzl
ewqtqcvechayhyypranhflpulhqkkcvzevjxvnldrbazgznjfeaalitqznwffbfampakhb
45 63
51 11
34 17
25 52
25 38
37 45
44 55
24 27
51 5
8 35
61 21
60 63
66 5
66 4
62 17
9 21
27 39
49 57
42 13
10 28
33 20
26 50
56 4
42 51
37 18
25 65
62 64
49 64
10 54
21 22
14 39
36 36
60 2
20 52
1 27
44 52
40 68
28 40
9 35
16 47
17 43
33 70
64 6
15 63
42 51
46 69
34 55
59 1
49 63
18 38
61 66
13 5
15 24
21 28
30 33
69 21
21 13
41 53
14 54
63 21
62 14
6 28
33 56
21 40
1 4
32 37
11 2
48 10
19 25
52 61
52 34
18 18
7 13
67 13
63 10
58 50
44 12
50 23
46 22
31 31
29 30
26 48
30 49
52 13
55 4
38 67
5 17
57 64
26 46
23 50
47 1
20 26
20 37
61 65
42 24
49 53
23 60
11 61
30 58
1 56
62 11
57 60
31 24
49 56
45 7
12 16
2 14
21 1
32 67
13 28
68 52
65 34
26 11
60 9
34 39
29 9
36 61
45 4
59 20
31 31
68 6
25 33
39 27
65 7
45 9
4 11
26 65
3 12
18 18
52 2
19 9
15 55
23 51
47 60
54 56
50 43
14 19
34 67
37 58
36 54
55 58
37 69
59 59
46 64
41 45
36 5
26 13
56 56
17 50
60 2
21 34
39 62
62 8
55 26
54 4
12 24
47 47
17 31
52 7
57 5
40 60
40 60
13 2
25 5
65 65
28 29
57 26
58 61
23 23
15 51
23 34
61 18
51 17
37 70
16 41
63 39
65 53
28 32
68 4
25 55
41 51
9 18
65 34
54 24
49 52
37 69
27 63
4 13
46 11
63 18
22 60
54 60
9 53
41 6
58 44
47 9
59 64
60 16
57 1
25 50
56 6
24 61
39 6
29 40
26 48
24 54
39 41
69 17
20 30
27 29
60 24
32 40
33 22
59 61
38 65
62 13
56 10
67 40
2 5
40 13
39 43
64 23
6 20
15 30
8 8
13 11
69 27
11 26
1 37
5 5
49 61
33 41
50 10
28 4
57 16
47 66
10 39
54 37
16 32
30 50
47 49
48 53
31 38
39 64
56 36
16 20
62 5
25 34
22 54
47 48
56 49
28 48
10 20
68 23
27 46
39 26
53 56
69 33
28 59
46 64
14 23
46 35
18 37
37 65
23 55
45 47
66 68
67 12
30 59
43 20
59 4
7 58
59 29
57 25
17 30
34 11
35 55
21 23
21 40
68 19
39 42
32 40
68 3
28 5
24 53
38 12
45 12
11 44
62 20
58 64
24 68
59 28
46 4
64 17
28 43
30 59
52 58
7 9
26 31
18 55
28 51
31 32
33 54
20 36
66 4
50 59
29 43
28 34
27 34
29 49
16 27
62 41
70 4
8 18
19 35
62 5
30 38
14 23
69 70
23 35
16 51
65 69
9 39
62 37
31 47
55 67
19 40
2 6
70 6
25 42
68 19
48 66
24 60
56 17
53 62
48 45
25 62
3 4
26 40
3 43
3 61
29 34
34 37
28 51
29 12
21 47
16 30
10 28
45 60
18 69
61 43
28 33
42 52
5 14
23 23
32 38
8 23
32 65
23 34
20 43
3 6
28 48
19 38
7 47
26 65
34 2
27 34
33 42
15 19
55 56
26 48
4 57
3 4
59 41
50 70
19 1
59 10
11 31
13 54
43 43
24 67
11 27
18 25
33 10
44 65
43 29
35 53
24 32
52 28
48 59
13 43
67 22
45 56
52 53
70 28
31 45
54 31
64 3
3 5
64 24
14 36
66 66
31 62
53 25
23 33
32 63
54 33
55 56
26 26
23 47
13 32
25 35
60 66
18 46
1 46
16 35
47 15
44 51
26 51
64 1
14 65
38 47
49 39
26 57
23 26
66 8
26 34
27 29
36 65
23 7
24 25
65 39
2 10
41 16
37 66
56 26
29 49
36 45
28 5
8 14
25 2
43 56
36 68
21 62
34 24
17 33
64 4
2 39
43 56
39 68
45 50
3 56
11 41
42 51
56 28
7 28
42 64
12 28
49 1
16 16
25 68
30 45
48 7
51 58
22 48
16 18
44 54
69 4
47 9
45 20
9 15
43 27
69 22
57 13
68 7
46 20
11 44
56 65
51 15
31 8
21 49
8 31
57 12
66 11
56 68
24 50
54 39
59 33
48 18
25 43
13 25
21 69
3 26
18 18
62 66
63 9
53 23
69 18
48 64
34 8
53 61
14 49
66 10
69 8
45 12
2 62
11 56
32 51
64 66
45 54
52 30
15 32
11 19
5 6
22 22
36 6
2 10
70 6
51 9
18 48
63 15
11 12
30 38
28 54
15 53
47 48
67 37
69 37
46 49
1 16
43 51
9 20
6 64
54 2
20 60
56 41
15 20
67 2
4 37
47 14
30 46
48 15
24 25
26 44
51 6
8 12
23 66
56 2
47 63
13 30
50 50
34 42
17 33
51 17
7 18
9 44
20 45
62 31
20 10
14 36
64 1
34 16
39 55
55 18
21 35
45 24
30 35
57 60
40 10
57 5
44 55
3 18
11 37
2 3
36 44
30 66
15 34
58 60
56 58
58 58
44 48
53 2
19 33
60 41
16 16
54 57
46 5
65 66
34 42
8 19
2 8
55 16
13 22
43 61
53 3
43 45
11 30
69 46
1 11
43 32
23 31
6 12
13 17
32 18
40 63
8 11
53 24
64 32
70 12
21 53
10 14
34 9
29 42
16 40
60 21
22 23
56 31
12 49
54 21
44 48
58 6
22 41
11 14
31 25
56 8
62 19
21 39
8 50
69 39
60 37
30 51
62 63
48 60
37 60
47 14
47 52
30 7
58 60
38 62
20 34
2 51
5 46
27 33
30 33
64 28
43 24
64 36
21 63
6 14
32 42
29 53
23 50
57 62
12 66
13 57
51 16
16 25
54 11
47 69
21 28
32 53
15 20
30 32
62 16
34 49
12 39
24 3
20 29
68 5
24 26
50 52
6 17
11 47
43 63
27 54
49 18
23 23
41 4
68 56
50 70
18 20
3 4
67 23
6 23
43 45
68 9
26 43
1 26
53 7
13 56
11 22
68 24
57 34
18 36
33 65
49 6
56 28
59 70
6 30
53 34
16 19
50 59
52 26
19 19
29 70
17 20
1 9
55 58
49 50
14 45
53 41
18 23
33 3
11 13
3 29
23 66
10 28
44 9
8 57
57 15
5 50
32 38
40 55
12 68
17 44
29 9
24 68
35 49
5 16
4 36
12 11
25 36
1 7
18 65
22 54
58 59
18 28
40 44
57 69
19 41
30 31
17 56
31 64
64 69
47 14
10 53
10 21
28 54
38 54
37 31
52 58
32 8
43 18
20 49
61 38
16 64
54 12
4 35
44 18
52 56
10 12
62 13
15 19
60 64
58 5
42 55
65 7
30 7
67 68
62 10
46 63
29 34
38 69
45 48
58 11
68 3
66 3
44 4
54 59
66 2
35 67
57 14
55 62
20 33
29 42
40 49
38 55
15 26
14 29
10 55
7 11
38 58
18 36
28 44
55 67
38 65
31 34
52 7
31 57
5 15
59 60
4 27
34 70
28 47
5 24
51 32
35 51
10 22
25 58
58 9
49 70
45 26
2 11
69 10
69 29
34 45
61 54
34 56
17 63
25 25
21 45
8 39
62 63
44 49
47 15
3 9
4 4
19 26
69 69
44 50
19 13
47 49
51 6
33 7
29 31
40 63
32 46
1 13
70 67
1 26
19 50
63 6
39 16
41 47
63 3
6 45
1 8
18 47
59 23
18 22
40 1
51 34
44 63
29 45
46 51
35 55
2 16
59 14
23 67
17 67
29 41
3 48
10 36
51 27
33 20
64 40
42 13
43 13
23 32
2 18
48 14
39 32
40 65
40 12
28 44
41 51
22 37
25 42
44 51
16 17
60 27
29 41
65 10
19 31
61 61
32 66
51 68
4 36
11 43
25 61
21 38
41 56
56 1
31 58
48 19
10 10
30 69
69 2
23 27
21 6
70 13
61 69
40 55
63 46
30 41
2 40
56 17
59 5
5 29
6 36
49 63
70 44
32 48
30 3
51 34
7 14
56 61
31 31
15 50
69 22
29 31
47 68
62 6
65 12
32 40
65 27
46 11
63 31
55 39
21 43
68 27
40 10
43 50
70 70
21 50
68 2
38 39
60 14
60 49
45 4
9 33
28 54
24 24
37 1
25 3
19 30
70 28
56 48
32 64
1 34
2 8
62 6
57 58
66 49
13 10
31 41
22 29
44 7
15 16
27 30
55 62
69 6
48 58
12 36
40 58
1 1
48 16
2 59
5 17
15 59
12 19
12 70
45 22
32 43
57 27
56 60
38 59
69 32
15 32
54 45
46 3
20 8
53 58
7 56
34 14
19 54
4 26
46 56
26 42
69 30
67 48
45 45
36 63
43 44
70 14
27 40
32 68
46 64
31 38
38 56
18 18
20 6
23 34
6 57
31 45
54 62
15 31
41 46
31 32
62 5
9 11
21 25
28 6
17 22
36 65
42 14
23 47
65 68
42 24
69 69
35 50
10 44
65 20
47 52
28 67
39 17
42 50
40 3
5 40
23 42
67 20
29 43
25 34
5 19
2 43
24 33
59 17
30 59
18 29
31 31
32 10
29 52
48 16
60 19
34 39
40 59
1 15
64 29
41 64
57 65
50 63
40 40
17 53
40 6
46 65
47 58
17 56
47 48
56 17
18 31
53 26
56 8
13 18
61 9
28 58
7 43
62 18
18 28
33 49
65 67
4 38
43 60
18 27
54 70
69 19
56 1
63 69
67 4
53 4
15 25
25 36
62 14
66 41
50 53
3 22
49 31
11 17
16 70
64 68
29 70
70 70
40 52
10 16
10 5
41 24
48 70
38 3
22 64
19 53
11 26
36 41
15 21
58 58
35 44
29 32
55 16
63 32
9 66
31 38
23 15
36 39
26 53
56 10
15 2
29 37
55 16
58 29
30 60
23 29
54 67
33 23
10 40
37 39
36 54
27 3
70 9
70 11
33 50
1 20
19 23
46 10
35 45
67 1
50 8
36 70
44 16
13 58
25 55
35 69
30 70
51 66
24 48
3 42
19 12
11 12
28 51
14 15
42 57
18 24
31 55
39 45
15 16
60 54
24 27
24 41
60 1
13 54
48 48
60 68
60 5
48 60
62 70
9 16
50 53
43 57
18 36
47 69
22 30
70 25
14 24
64 28
28 31
19 1
43 57
8 32
8 18
58 24
57 70
55 9
6 53
29 46
60 18
14 50
39 62
58 18
59 16
48 50
51 29
63 49
1 4
23 1
61 15
10 39
7 10
51 5
26 53
53 21
67 21
26 56
42 50
46 69
57 58
1 5
34 36
46 22
59 29
1 6
45 59
22 31
42 26
16 31
29 40
51 65
1 15
44 51
58 19
60 8
6 16
6 49
10 52
36 3
27 27
47 6
67 10
30 14
26 53
30 30
26 11
17 18
64 12
6 47
44 49
9 10
69 52
43 60
61 33
21 35
69 25
60 32
19 49
19 38
16 30
61 65
32 37
39 46
22 24
54 65
64 31
6 9
57 13
24 41
23 44
59 66
9 59
67 8
6 40
24 52
8 32
58 38
20 41
35 36
24 34
62 68
67 54
38 55
11 22
26 50
8 64
22 30
34 13
1 30
22 43
50 67
53 35
68 2
47 59
32 4
38 44
16 47
5 31
17 49
16 62
59 7
70 16
54 5
47 67
23 42
1 14
38 47
50 33
31 65
5 54
20 24
39 53
49 15
43 60
68 6
60 70
67 69
34 30
32 11
7 23
29 20
5 12
28 33
20 38
13 16
38 47
68 17
57 29
19 43
11 47
63 23
59 67
69 13
17 26
69 28
24 27
60 60
54 62
2 6
42 62
48 67
49 43
60 53
33 39
52 8
55 55
24 59
53 2
58 29
2 53
27 53
8 60
3 14
14 31
65 37
35 60
69 13
29 47
13 15
43 20
18 36
62 69
53 11
8 23
24 51
29 54
34 66
53 67
14 40
28 66
65 13
23 58
8 38
57 62
19 22
30 69
54 60
37 40
37 1
20 26
47 64
16 40
1 41
6 39
17 47
65 21
57 32
13 21
38 10
24 4
36 45
46 1
55 6
1 1
21 58
30 56
19 48
56 24
70 49
37 25
64 69
12 64
55 60
17 17
55 11
24 42
20 43
56 59
33 37
44 51
45 61
49 62
44 70
4 17
41 49
3 23
15 53
24 25
3 33
5 45
7 20
20 10
41 56
27 51
15 30
52 68
61 2
50 21
46 51
56 70
56 10
2 27
19 65
60 2
30 40
46 1
51 54
32 53
28 13
37 6
64 68
50 67
68 43
9 45
47 47
23 12
34 63
45 57
70 46
46 30
65 5
25 41
61 68
36 57
30 30
29 45
36 15
15 16
2 48
44 28
13 51
58 58
20 23
35 44
44 57
59 27
46 15
20 22
49 15
29 56
31 60
39 19
24 47
56 3
13 58
15 25
66 42
66 70
64 9
67 4
33 20
25 50
41 8
19 41
11 15
23 51
31 51
30 49
65 28
61 31
57 31
58 9
18 43
45 59
64 69
23 46
12 14
2 25
15 38
64 1
30 20
19 67
4 50
33 25
57 13
20 68
4 42
34 38
8 9
69 5
15 1
36 39
40 17
28 63
22 23
35 35
29 12
5 17
17 20
28 43
14 45
52 7
33 36
28 33
7 45
22 25
35 63
30 53
64 10
27 52
32 61
4 10
45 8
9 29
9 68
29 54
57 2
50 61
32 53
13 48
21 34
29 42
60 17
43 8
12 23
45 46
17 53
59 7
26 36
62 25
70 34
69 69
38 52
66 11
2 54
50 6
28 32
61 9
36 53
55 6
33 39
18 34
28 43
17 52
20 41
43 24
10 41
8 28
38 59
58 18
28 45
33 53
15 29
65 2
52 65
38 1
64 69
28 60
4 60
35 63
53 70
63 47
38 46
4 10
33 64
68 9
26 53
55 37
51 16
26 50
13 40
64 7
52 10
4 49
8 37
1 6
29 57
22 50
14 29
8 19
6 61
56 30
2 24
38 48
48 58
7 37
53 6
47 55
49 62
64 14
22 11
13 21
25 63
49 52
32 50
20 52
12 39
35 67
14 63
28 38
28 41
53 27
67 3
28 69
36 44
11 47
56 8
14 9
70 33
2 17
8 51
48 27
62 3
33 35
49 16
10 39
36 51
18 23
12 25
43 1
15 48
13 41
9 20
26 36
52 17
5 16
61 1
56 66
58 20
42 55
42 46
31 5
25 34
61 27
44 19
20 28
34 39
40 70
22 31
18 62
47 4
24 41
49 2
20 62
43 52
49 18
52 2
56 20
52 66
46 28
57 1
61 62
12 42
29 59
27 65
55 41
56 8
13 34
53 70
12 51
31 69
49 55
41 69
27 5
65 1
29 61
30 60
15 36
46 53
22 34
20 33
3 30
53 33
27 68
46 49
21 21
43 45
29 39
58 49
3 42
51 58
22 9
36 58
67 70
51 55
43 69
68 3
46 57
43 44
66 40
26 39
36 40
68 2
28 51
47 56
68 15
22 42
18 14
19 11
36 57
34 67
38 29
19 42
48 49
68 46
16 48
17 40
39 59
22 35
20 21
10 47
39 60
19 32
37 39
8 14
58 15
59 1
21 54
59 14
35 59
20 20
53 63
55 8
52 60
54 21
30 52
20 63
52 48
23 9
10 10
48 11
50 55
39 10
68 69
3 25
61 49
40 9
9 50
4 13
50 50
19 39
7 31
57 44
7 31
55 44
30 56
62 5
63 26
40 49
69 27
53 53
36 36
17 67
1 2
5 21
38 57
41 13
69 11
23 45
9 54
11 43
40 64
23 56
1 7
40 61
29 32
33 35
25 33
18 22
59 32
54 57
60 8
52 53
41 59
28 50
15 38
8 20
45 6
13 13
45 10
26 11
11 29
28 38
60 3
47 63
36 47
64 67
51 27
58 22
55 7
10 42
6 41
16 41
33 25
33 24
55 57
51 3
32 39
20 27
20 34
56 44
41 65
60 70
13 22
38 54
39 70
35 11
67 5
65 12
16 45
44 38
16 22
21 6
5 5
55 11
14 45
39 19
27 40
43 53
24 40
2 20
16 19
58 14
6 1
2 8
17 8
19 23
23 42
49 53
17 8
17 36
62 14
1 47
47 52
20 57
65 65
44 12
15 43
16 68
7 38
68 43
11 60
44 62
38 1
6 42
22 27
47 51
67 5
43 1
10 12
65 14
23 44
18 34
40 41
12 39
34 50
50 67
67 46
50 3
40 5
28 30
42 1
38 49
50 3
26 46
11 21
27 63
66 17
65 42
32 64
23 29
67 58
42 20
21 51
43 47
69 3
29 58
27 53
62 38
6 39
39 42
45 2
29 46
12 27
56 70
61 61
50 50
34 63
59 62
36 52
38 51
35 57
8 53
39 54
45 69
47 69
13 15
56 70
36 14
62 13
51 59
56 64
16 1
7 12
27 60
37 54
26 66
22 56
21 55
32 51
19 28
2 23
50 35
49 17
37 70
51 27
66 38
12 54
33 55
21 56
5 24
57 28
50 70
9 24
13 24
53 37
17 29
32 35
28 32
54 54
13 21
41 8
27 4
33 57
25 53
42 50
46 60
48 16
42 51
61 6
27 62
7 56
61 33
41 8
20 50
64 25
21 24
70 2
28 31
28 35
40 48
8 12
35 45
36 55
37 10
38 64
22 36
49 23
30 64
23 1
60 67
24 56
62 5
39 25
59 64
55 6
8 14
36 3
37 65
66 2
14 9
53 18
36 41
13 56
6 24
30 42
11 26
1 5
59 61
45 69
70 26
10 30
26 45
40 8
6 9
26 54
58 14
18 27
41 56
7 54
61 19
11 47
49 6
56 25
67 69
50 11
31 62
45 23
20 59
24 33
40 60
32 33
22 33
22 28
52 55
69 22
26 34
57 15
14 56
7 30
68 7
34 64
4 10
27 67
21 43
66 6
65 46
18 19
32 41
4 19
53 58
2 21
57 65
11 13
59 41
70 7
66 6
48 59
65 8
46 3
67 4
25 58
38 63
50 21
10 23
34 68
25 27
22 23
28 42
3 3
47 53
27 50
52 60
46 47
60 19
45 15
22 58
17 37
29 46
28 47
8 20
19 33
13 33
25 4
33 37
23 62
10 48
32 39
37 15
65 21
3 34
58 24
24 25
11 44
38 14
51 15
16 52
36 43
43 65
8 6
54 17
52 22
6 25
42 58
36 52
31 34
39 1
16 5
51 63
43 49
36 42
13 26
58 9
47 22
13 49
9 22
69 9
55 22
12 14
61 32
27 39
15 42
30 61
63 18
60 15
10 10
53 67
57 4
22 44
28 32
21 39
15 69
28 41
50 66
40 40
46 70
21 47
18 38
57 59
9 24
34 54
15 64
53 37
65 30
4 17
49 32
31 12
63 37
52 54
29 35
47 11
69 14
13 29
33 5
24 34
1 20
22 23
65 2
31 61
39 50
33 36
25 45
7 29
26 43
10 30
17 58
33 67
53 3
21 54
9 11
54 15
67 14
56 51
50 57
27 70
15 45
56 62
42 67
4 21
65 49
9 59
39 47
27 61
54 69
34 68
36 67
52 24
62 64
41 50
28 16
19 23
28 69
58 18
9 14
15 46
18 28
49 8
62 11
56 27
46 12
27 54
26 67
19 2
55 2
65 66
65 15
30 31
11 38
7 19
52 8
8 18
62 1
27 49
26 32
30 3
20 34
55 14
41 14
55 2
56 37
65 65
55 62
3 13
46 58
18 5
62 9
65 26
51 31
57 4
11 33
25 48
61 37
8 33
54 27
29 33
50 54
22 9
47 49
46 61
32 60
22 57
20 42
36 6
28 6
34 69
23 42
43 16
45 53
66 1
18 69
67 42
28 36
54 68
11 45
50 9
55 57
58 2
49 56
44 60
20 32
29 56
62 16
26 58
29 9
33 34
66 50
49 5
55 40
34 55
41 17
46 56
63 41
57 39
42 59
37 49
39 52
28 39
61 16
65 69
41 6
4 8
29 50
43 66
60 10
45 47
59 69
69 47
63 64
45 56
42 56
29 42
47 14
4 17
32 46
60 46
46 8
35 36
66 8
11 50
24 56
15 26
28 54
28 60
17 61
66 1
23 57
22 24
68 9
3 9
37 44
36 40
27 60
60 27
51 69
9 9
25 37
65 7
55 59
14 31
13 41
46 60
70 23
69 35
61 64
66 25
48 11
70 10
43 44
70 1
6 9
28 49
32 45
50 59
12 39
14 33
34 45
38 45
63 8
59 70
5 29
14 24
48 60
54 60
35 63
54 9
25 63
49 18
49 70
51 67
33 6
16 21
30 45
31 66
33 38
13 20
45 61
44 19
47 60
39 56
63 13
50 61
29 56
69 31
26 6
13 24
30 39
47 4
18 39
37 46
39 3
48 58
44 11
6 23
56 68
19 30
37 39
42 48
2 23
51 22
28 1
17 46
6 28
46 69
63 18
70 18
1 17
45 41
61 70
24 36
69 11
28 55
21 6
39 3
54 56
63 36
40 47
5 7
21 33
30 3
15 51
28 35
13 21
43 49
28 13
53 58
55 70
26 56
27 69
42 63
49 32
38 56
34 64
42 52
35 42
53 5
57 67
10 28
41 44
25 69
36 11
10 66
20 50
17 35
14 33
55 60
28 48
1 54
20 60
49 66
15 29
61 6
26 31
50 62
34 59
31 53
58 30
64 64
48 1
29 31
19 24
29 63
15 39
60 18
31 54
70 24
16 23
40 5
36 42
30 11
56 29
50 52
18 37
66 31
10 44
52 7
1 8
13 14
32 58
53 6
44 45
27 31
18 7
31 11
34 58
38 40
67 35
50 31
36 49
69 15
65 70
57 67
60 10
28 44
57 3
39 6
62 41
2 34
56 66
66 68
21 40
40 55
40 53
36 7
9 31
11 53
34 41
28 55
33 46
46 55
43 55
28 56
28 67
1 18
65 20
48 52
40 19
1 39
60 4
59 11
25 55
20 10
11 30
9 11
2 20
33 2
42 49
36 40
26 47
26 16
48 58
54 4
67 34
66 35
