100 5050
eaxqpyoamkxmadkxfqvnzwwvrlickjhxqgaiysanpmsrfeqisg
jgudfjoaghtsitnwqdhhjjuprypdaavvmcdkuvneerwzphjfbs
jgudfjoaghtsitnwqdhhjjuprypdaavvmcdkuvneerwzphjfbs
eaxqpyoamkxmadkxfqvnzwwvrlickjhxqgaiysanpmsrfeqisg
eaxqpyoamkxmadkxfqvnzwwvrlickjhxqgaiysanpmsrfeqisg
jgudfjoaghtsitnwqdhhjjuprypdaavvmcdkuvneerwzphjfbs
eaxqpyoamkxmadkxfqvnzwwvrlickjhxqgaiysanpmsrfeqisg
jgudfjoaghtsitnwqdhhjjuprypdaavvmcdkuvneerwzphjfbs
jgudfjoaghtsitnwqdhhjjuprypdaavvmcdkuvneerwzphjfbs
eaxqpyoamkxmadkxfqvnzwwvrlickjhxqgaiysanpmsrfeqisg
eaxqpyoamkxmadkxfqvnzwwvrlickjhxqgaiysanpmsrfeqisg
jgudfjoaghtsitnwqdhhjjuprypdaavvmcdkuvneerwzphjfbs
eaxqpyoamkxmadkxfqvnzwwvrlickjhxqgaiysanpmsrfeqisg
jgudfjoaghtsitnwqdhhjjuprypdaavvmcdkuvneerwzphjfbs
jgudfjoaghtsitnwqdhhjjuprypdaavvmcdkuvneerwzphjfbs
eaxqpyoamkxmadkxfqvnzwwvrlickjhxqgaiysanpmsrfeqisg
eaxqpyoamkxmadkxfqvnzwwvrlickjhxqgaiysanpmsrfeqisg
jgudfjoaghtsitnwqdhhjjuprypdaavvmcdkuvneerwzphjfbs
jgudfjoaghtsitnwqdhhjjuprypdaavvmcdkuvneerwzphjfbs
eaxqpyoamkxmadkxfqvnzwwvrlickjhxqgaiysanpmsrfeqisg
eaxqpyoamkxmadkxfqvnzwwvrlickjhxqgaiysanpmsrfeqisg
jgudfjoaghtsitnwqdhhjjuprypdaavvmcdkuvneerwzphjfbs
jgudfjoaghtsitnwqdhhjjuprypdaavvmcdkuvneerwzphjfbs
eaxqpyoamkxmadkxfqvnzwwvrlickjhxqgaiysanpmsrfeqisg
eaxqpyoamkxmadkxfqvnzwwvrlickjhxqgaiysanpmsrfeqisg
jgudfjoaghtsitnwqdhhjjuprypdaavvmcdkuvneerwzphjfbs
jgudfjoaghtsitnwqdhhjjuprypdaavvmcdkuvneerwzphjfbs
eaxqpyoamkxmadkxfqvnzwwvrlickjhxqgaiysanpmsrfeqisg
eaxqpyoamkxmadkxfqvnzwwvrlickjhxqgaiysanpmsrfeqisg
jgudfjoaghtsitnwqdhhjjuprypdaavvmcdkuvneerwzphjfbs
jgudfjoaghtsitnwqdhhjjuprypdaavvmcdkuvneerwzphjfbs
eaxqpyoamkxmadkxfqvnzwwvrlickjhxqgaiysanpmsrfeqisg
eaxqpyoamkxmadkxfqvnzwwvrlickjhxqgaiysanpmsrfeqisg
jgudfjoaghtsitnwqdhhjjuprypdaavvmcdkuvneerwzphjfbs
jgudfjoaghtsitnwqdhhjjuprypdaavvmcdkuvneerwzphjfbs
eaxqpyoamkxmadkxfqvnzwwvrlickjhxqgaiysanpmsrfeqisg
jgudfjoaghtsitnwqdhhjjuprypdaavvmcdkuvneerwzphjfbs
eaxqpyoamkxmadkxfqvnzwwvrlickjhxqgaiysanpmsrfeqisg
jgudfjoaghtsitnwqdhhjjuprypdaavvmcdkuvneerwzphjfbs
eaxqpyoamkxmadkxfqvnzwwvrlickjhxqgaiysanpmsrfeqisg
eaxqpyoamkxmadkxfqvnzwwvrlickjhxqgaiysanpmsrfeqisg
jgudfjoaghtsitnwqdhhjjuprypdaavvmcdkuvneerwzphjfbs
eaxqpyoamkxmadkxfqvnzwwvrlickjhxqgaiysanpmsrfeqisg
jgudfjoaghtsitnwqdhhjjuprypdaavvmcdkuvneerwzphjfbs
jgudfjoaghtsitnwqdhhjjuprypdaavvmcdkuvneerwzphjfbs
eaxqpyoamkxmadkxfqvnzwwvrlickjhxqgaiysanpmsrfeqisg
eaxqpyoamkxmadkxfqvnzwwvrlickjhxqgaiysanpmsrfeqisg
jgudfjoaghtsitnwqdhhjjuprypdaavvmcdkuvneerwzphjfbs
eaxqpyoamkxmadkxfqvnzwwvrlickjhxqgaiysanpmsrfeqisg
jgudfjoaghtsitnwqdhhjjuprypdaavvmcdkuvneerwzphjfbs
eaxqpyoamkxmadkxfqvnzwwvrlickjhxqgaiysanpmsrfeqisg
jgudfjoaghtsitnwqdhhjjuprypdaavvmcdkuvneerwzphjfbs
jgudfjoaghtsitnwqdhhjjuprypdaavvmcdkuvneerwzphjfbs
eaxqpyoamkxmadkxfqvnzwwvrlickjhxqgaiysanpmsrfeqisg
eaxqpyoamkxmadkxfqvnzwwvrlickjhxqgaiysanpmsrfeqisg
jgudfjoaghtsitnwqdhhjjuprypdaavvmcdkuvneerwzphjfbs
jgudfjoaghtsitnwqdhhjjuprypdaavvmcdkuvneerwzphjfbs
eaxqpyoamkxmadkxfqvnzwwvrlickjhxqgaiysanpmsrfeqisg
jgudfjoaghtsitnwqdhhjjuprypdaavvmcdkuvneerwzphjfbs
eaxqpyoamkxmadkxfqvnzwwvrlickjhxqgaiysanpmsrfeqisg
eaxqpyoamkxmadkxfqvnzwwvrlickjhxqgaiysanpmsrfeqisg
jgudfjoaghtsitnwqdhhjjuprypdaavvmcdkuvneerwzphjfbs
eaxqpyoamkxmadkxfqvnzwwvrlickjhxqgaiysanpmsrfeqisg
jgudfjoaghtsitnwqdhhjjuprypdaavvmcdkuvneerwzphjfbs
jgudfjoaghtsitnwqdhhjjuprypdaavvmcdkuvneerwzphjfbs
eaxqpyoamkxmadkxfqvnzwwvrlickjhxqgaiysanpmsrfeqisg
eaxqpyoamkxmadkxfqvnzwwvrlickjhxqgaiysanpmsrfeqisg
jgudfjoaghtsitnwqdhhjjuprypdaavvmcdkuvneerwzphjfbs
eaxqpyoamkxmadkxfqvnzwwvrlickjhxqgaiysanpmsrfeqisg
jgudfjoaghtsitnwqdhhjjuprypdaavvmcdkuvneerwzphjfbs
jgudfjoaghtsitnwqdhhjjuprypdaavvmcdkuvneerwzphjfbs
eaxqpyoamkxmadkxfqvnzwwvrlickjhxqgaiysanpmsrfeqisg
eaxqpyoamkxmadkxfqvnzwwvrlickjhxqgaiysanpmsrfeqisg
jgudfjoaghtsitnwqdhhjjuprypdaavvmcdkuvneerwzphjfbs
eaxqpyoamkxmadkxfqvnzwwvrlickjhxqgaiysanpmsrfeqisg
jgudfjoaghtsitnwqdhhjjuprypdaavvmcdkuvneerwzphjfbs
jgudfjoaghtsitnwqdhhjjuprypdaavvmcdkuvneerwzphjfbs
eaxqpyoamkxmadkxfqvnzwwvrlickjhxqgaiysanpmsrfeqisg
eaxqpyoamkxmadkxfqvnzwwvrlickjhxqgaiysanpmsrfeqisg
jgudfjoaghtsitnwqdhhjjuprypdaavvmcdkuvneerwzphjfbs
jgudfjoaghtsitnwqdhhjjuprypdaavvmcdkuvneerwzphjfbs
eaxqpyoamkxmadkxfqvnzwwvrlickjhxqgaiysanpmsrfeqisg
jgudfjoaghtsitnwqdhhjjuprypdaavvmcdkuvneerwzphjfbs
eaxqpyoamkxmadkxfqvnzwwvrlickjhxqgaiysanpmsrfeqisg
jgudfjoaghtsitnwqdhhjjuprypdaavvmcdkuvneerwzphjfbs
eaxqpyoamkxmadkxfqvnzwwvrlickjhxqgaiysanpmsrfeqisg
eaxqpyoamkxmadkxfqvnzwwvrlickjhxqgaiysanpmsrfeqisg
jgudfjoaghtsitnwqdhhjjuprypdaavvmcdkuvneerwzphjfbs
eaxqpyoamkxmadkxfqvnzwwvrlickjhxqgaiysanpmsrfeqisg
jgudfjoaghtsitnwqdhhjjuprypdaavvmcdkuvneerwzphjfbs
eaxqpyoamkxmadkxfqvnzwwvrlickjhxqgaiysanpmsrfeqisg
jgudfjoaghtsitnwqdhhjjuprypdaavvmcdkuvneerwzphjfbs
eaxqpyoamkxmadkxfqvnzwwvrlickjhxqgaiysanpmsrfeqisg
jgudfjoaghtsitnwqdhhjjuprypdaavvmcdkuvneerwzphjfbs
eaxqpyoamkxmadkxfqvnzwwvrlickjhxqgaiysanpmsrfeqisg
jgudfjoaghtsitnwqdhhjjuprypdaavvmcdkuvneerwzphjfbs
eaxqpyoamkxmadkxfqvnzwwvrlickjhxqgaiysanpmsrfeqisg
jgudfjoaghtsitnwqdhhjjuprypdaavvmcdkuvneerwzphjfbs
eaxqpyoamkxmadkxfqvnzwwvrlickjhxqgaiysanpmsrfeqisg
jgudfjoaghtsitnwqdhhjjuprypdaavvmcdkuvneerwzphjfbs
25 80
62 67
12 20
40 50
42 52
68 5
31 91
32 17
88 26
53 55
15 16
68 29
97 21
39 82
40 51
35 23
34 78
31 72
43 99
51 14
74 85
39 96
95 10
81 96
39 21
39 5
43 7
5 27
45 9
52 11
39 22
94 18
59 12
33 100
33 70
92 27
34 73
38 9
38 92
86 21
14 24
35 45
77 12
41 5
55 24
61 2
97 24
32 65
81 13
52 94
31 3
3 18
51 15
74 15
31 89
42 90
64 23
45 12
40 60
75 10
9 9
79 83
35 5
66 77
40 86
48 82
43 23
35 88
15 22
58 84
54 76
58 2
53 18
39 18
73 16
38 87
86 93
74 93
7 9
55 73
43 20
8 14
69 78
53 71
33 88
92 10
75 30
52 17
35 86
58 92
43 4
45 91
44 30
43 14
14 20
80 91
88 16
46 82
38 68
71 94
60 25
61 21
22 26
40 22
8 29
61 12
73 83
48 24
42 48
77 11
60 98
44 51
39 98
89 25
13 30
69 17
52 18
44 59
87 23
42 99
73 87
38 1
33 43
88 21
84 2
40 23
60 89
52 74
14 25
42 95
43 58
61 63
81 84
77 3
42 4
50 58
36 22
67 11
52 68
31 41
7 15
46 94
51 77
38 28
44 57
67 9
99 22
59 67
55 6
52 1
81 16
48 56
52 65
66 18
53 84
47 53
32 35
82 92
32 44
47 91
82 98
68 21
42 23
39 28
65 14
43 97
43 63
35 4
95 17
32 53
33 17
97 5
32 90
4 6
51 27
42 27
68 82
66 10
70 82
48 8
58 83
50 69
32 33
4 22
39 3
100 5
10 27
63 100
83 84
50 57
33 60
43 93
66 82
60 9
81 14
11 28
77 7
69 10
48 87
55 74
65 70
13 20
68 98
97 27
42 59
35 67
40 72
38 69
48 30
40 2
95 29
94 26
99 29
52 62
38 67
35 38
39 20
83 5
49 80
84 19
53 77
4 19
66 30
58 100
28 28
59 5
50 11
65 16
83 97
50 82
98 9
44 91
46 65
71 82
64 89
39 44
32 70
69 20
62 64
78 17
1 2
57 81
95 20
64 82
56 79
90 92
80 80
5 35
48 66
51 93
91 96
92 15
50 99
81 85
21 29
58 61
53 54
45 63
63 21
9 26
14 18
57 90
75 82
61 1
83 85
65 92
40 59
45 98
85 86
39 50
39 87
31 31
69 98
82 6
18 28
76 81
65 93
32 46
77 97
98 4
62 27
85 3
65 65
94 2
31 14
55 8
63 30
72 76
4 27
40 4
47 47
93 96
35 97
55 85
68 83
54 69
65 76
45 76
60 60
59 49
69 73
50 18
44 69
36 39
94 17
38 40
91 8
86 95
2 4
57 68
60 7
73 97
59 1
94 98
45 71
87 94
56 26
79 26
54 80
50 89
31 30
85 85
84 96
90 25
60 4
61 13
54 88
48 100
77 25
36 74
61 93
55 27
41 45
79 14
42 69
93 28
50 2
100 1
55 61
33 46
44 93
78 94
74 7
24 28
73 91
56 60
36 43
11 27
89 30
36 93
46 56
76 96
41 1
31 59
33 84
38 97
48 80
38 95
64 73
51 92
91 18
95 21
56 59
41 41
67 88
76 10
75 28
43 19
78 98
39 39
76 23
99 1
84 14
41 55
59 4
48 20
23 29
36 24
11 14
82 8
97 22
40 85
42 12
56 3
42 65
71 91
32 77
33 36
35 64
66 9
62 83
76 26
33 92
76 93
98 29
83 92
59 24
33 9
32 24
97 10
56 86
63 88
97 6
42 88
50 6
53 30
60 15
60 96
43 86
57 19
32 54
88 88
87 14
43 75
53 19
3 21
44 22
67 99
41 6
72 88
36 2
10 21
62 74
73 19
66 93
71 27
46 52
11 29
33 40
34 16
59 10
43 89
71 21
6 7
91 34
60 30
94 13
87 87
66 46
68 99
69 99
49 50
92 92
19 22
50 10
40 7
59 84
97 98
86 2
32 37
51 90
100 8
56 87
52 96
4 15
42 19
72 93
38 4
51 69
78 24
59 92
98 13
75 16
50 79
34 71
34 28
34 83
65 5
35 24
1 24
67 14
31 53
46 1
33 94
31 68
54 30
92 99
75 11
100 20
50 4
49 4
93 12
77 15
68 16
31 49
44 90
82 90
55 78
78 27
100 17
56 15
40 3
72 29
48 77
15 28
61 76
60 100
80 93
61 78
79 92
42 74
63 14
48 63
37 88
47 14
36 60
82 85
26 27
32 75
34 25
71 12
96 27
86 5
43 52
49 75
97 17
48 3
38 2
1 27
35 14
85 90
69 8
74 3
69 11
54 27
36 10
46 66
40 68
94 20
33 64
100 7
80 11
37 60
12 22
65 100
53 91
74 8
72 78
64 17
46 54
95 19
46 13
90 24
61 23
13 23
73 25
88 97
98 28
78 3
53 9
84 24
8 28
31 60
43 28
86 99
57 93
39 94
64 25
76 29
34 36
92 93
96 3
53 4
62 16
46 26
92 97
31 5
84 9
57 6
49 27
47 24
48 51
68 23
91 91
59 84
86 3
10 30
33 55
4 14
46 23
48 65
69 79
96 5
81 18
47 7
12 25
31 47
19 22
84 6
47 67
36 16
46 90
9 12
31 43
66 97
63 92
58 24
99 13
39 40
50 67
66 68
55 76
65 10
31 8
88 15
95 12
79 2
41 52
46 8
64 91
40 14
94 8
67 92
67 71
35 75
79 24
6 23
72 94
77 16
43 84
58 14
53 1
54 81
40 93
75 80
42 16
41 94
85 18
90 94
78 80
84 23
97 12
53 86
70 93
48 81
59 98
33 68
85 94
81 9
74 95
56 57
77 20
80 9
8 19
45 10
74 92
64 27
49 94
65 94
61 100
75 90
66 29
56 12
77 89
38 6
51 81
72 26
85 29
38 57
66 24
53 66
71 75
84 20
40 87
79 21
90 18
32 40
82 96
36 37
17 20
40 25
56 19
75 20
60 64
57 11
90 90
80 86
63 68
36 68
80 18
61 10
6 17
49 72
71 19
62 68
32 67
76 90
51 76
19 19
80 80
57 79
40 48
11 11
61 38
69 29
62 28
69 97
88 13
55 100
38 43
63 7
74 16
50 84
96 2
78 18
69 87
35 47
46 96
72 84
63 25
55 57
80 30
94 27
37 24
71 73
51 22
48 90
73 86
5 23
95 18
93 27
5 7
43 18
51 7
76 87
45 65
47 63
7 28
40 20
31 78
75 9
34 100
75 8
56 14
58 11
75 93
58 64
59 16
48 94
89 27
86 7
47 10
96 8
49 69
79 83
42 72
41 47
41 100
98 25
47 3
33 72
99 12
74 97
51 73
91 9
54 20
80 90
20 24
32 73
34 65
44 48
78 12
78 6
81 20
91 5
52 30
20 30
78 92
57 9
35 16
45 56
34 72
37 53
57 2
57 24
88 98
66 1
34 46
84 86
34 23
46 73
46 99
41 61
58 8
44 28
91 24
88 6
72 81
35 53
81 29
83 28
75 89
76 11
43 94
45 57
33 1
35 20
2 24
69 18
91 2
75 96
60 75
83 30
55 66
93 11
76 99
52 61
38 65
42 83
63 29
51 65
55 9
35 9
34 21
81 93
62 85
55 21
7 23
6 25
12 12
88 10
51 66
59 73
52 76
60 82
44 2
2 22
59 27
47 17
79 13
78 99
94 94
10 17
37 18
56 11
43 61
90 21
42 18
54 95
64 18
62 29
45 88
31 34
84 29
76 82
42 13
62 89
61 84
35 73
100 21
57 91
42 15
93 25
60 14
72 11
26 26
72 99
42 5
54 11
17 21
93 4
87 92
50 15
33 23
87 6
62 94
52 86
36 99
82 27
57 69
31 38
78 97
59 30
94 4
54 55
70 49
95 100
54 9
39 72
93 13
55 30
41 87
62 17
58 60
35 76
58 87
69 9
34 37
39 76
46 28
71 71
86 48
47 52
9 23
48 50
55 93
44 80
51 62
50 27
36 46
76 30
7 17
69 88
83 9
89 17
68 100
37 51
86 9
63 74
35 3
85 5
35 65
38 70
37 67
60 92
42 22
31 2
82 84
44 94
68 71
70 24
47 60
9 29
10 16
45 8
50 93
75 95
80 27
75 27
37 94
57 99
60 95
52 19
48 79
43 69
63 98
47 21
64 68
87 25
45 18
90 28
12 29
51 60
56 63
38 56
39 24
92 5
61 28
50 90
11 24
66 70
6 28
39 10
87 5
21 25
83 29
57 5
80 7
61 8
80 25
6 12
54 83
41 20
35 82
6 22
36 42
49 28
26 30
41 60
44 77
58 82
94 11
46 68
32 16
50 76
96 6
74 13
71 74
42 78
58 93
89 98
59 69
49 78
83 15
90 96
68 87
43 12
47 87
63 64
35 21
34 66
40 81
51 64
79 6
68 20
57 58
48 61
90 98
79 16
2 29
35 51
45 58
5 17
48 59
7 27
3 26
55 77
72 74
55 68
14 27
58 23
49 61
33 18
53 23
61 80
91 99
79 87
55 60
53 59
60 62
42 20
43 72
49 8
35 10
33 69
71 100
69 5
82 86
60 97
36 72
52 20
66 92
38 15
89 90
81 86
37 52
65 88
2 3
75 22
41 8
95 3
62 90
84 95
46 98
60 65
34 88
94 25
48 13
76 15
67 19
36 28
73 84
32 20
84 22
40 27
51 68
73 85
41 14
69 2
85 12
70 95
70 26
45 20
3 7
39 55
55 14
46 30
43 57
62 72
49 60
70 83
85 96
87 19
68 86
41 95
53 5
33 8
19 24
46 55
63 91
71 84
40 76
67 72
35 70
94 15
58 21
5 20
82 1
35 37
61 88
41 27
42 85
57 87
74 5
47 20
43 29
59 20
39 2
60 83
47 22
55 1
5 24
47 80
96 28
46 58
55 16
58 5
86 13
91 1
54 56
50 97
35 48
40 18
9 30
99 18
31 15
70 70
10 28
8 17
80 21
41 16
53 21
86 20
93 17
37 44
46 3
47 55
22 23
94 6
69 100
24 27
32 57
89 18
86 96
43 60
32 87
41 51
69 28
41 92
31 98
34 77
61 94
72 24
33 26
10 25
65 23
31 65
64 97
71 17
45 59
48 74
31 81
33 16
65 15
89 28
53 82
34 17
69 1
53 69
40 75
45 50
38 19
64 11
56 66
3 28
63 97
15 25
39 85
62 81
68 90
73 81
47 94
63 89
36 98
100 14
44 68
31 88
48 58
11 22
60 2
41 50
56 85
57 7
35 59
76 17
90 95
96 13
37 39
32 74
41 83
47 88
85 98
51 91
4 5
35 62
74 30
33 90
61 67
64 87
89 3
34 49
54 12
83 25
51 96
60 18
24 29
85 9
74 22
75 19
48 85
71 7
45 64
86 8
14 21
62 14
83 26
59 87
54 63
8 25
36 8
55 75
86 86
75 21
63 69
48 96
51 12
95 23
53 100
77 20
15 29
69 94
32 7
72 73
74 77
14 28
42 29
83 16
82 5
54 70
54 68
54 18
37 5
17 19
89 94
51 53
52 10
49 71
34 5
33 24
70 88
1 6
49 59
41 18
93 7
75 98
55 92
37 28
58 76
66 28
95 24
68 7
50 51
64 37
93 21
66 22
78 23
51 72
66 78
85 16
40 26
63 67
52 56
61 24
3 30
73 80
69 24
31 37
86 26
59 100
51 16
36 36
76 82
60 79
40 89
74 81
33 65
55 20
82 97
96 1
49 13
42 98
15 19
56 23
67 67
9 37
36 90
70 100
45 92
83 88
60 29
13 28
51 83
56 6
59 17
96 30
42 1
36 63
62 8
46 91
95 98
39 91
67 93
81 24
16 22
33 80
61 96
45 22
83 86
37 25
14 29
50 21
92 96
37 66
67 13
68 68
98 18
59 75
71 90
70 72
58 86
58 65
46 75
2 25
7 10
79 19
48 69
82 18
93 3
51 24
62 78
77 4
77 18
54 21
63 8
50 20
44 79
88 10
47 12
76 95
40 91
64 24
18 29
70 20
66 76
91 10
88 23
13 27
76 85
39 63
73 11
39 1
37 100
67 29
84 84
98 44
56 8
11 18
49 25
97 14
39 27
32 64
37 62
82 16
44 19
36 40
48 54
62 2
48 70
40 30
86 12
62 66
36 6
39 43
83 6
79 12
42 81
51 11
79 23
61 71
99 9
80 23
41 75
38 73
61 29
73 89
35 41
91 95
73 22
32 23
8 12
33 86
91 100
81 83
68 80
83 91
48 97
44 4
38 26
83 11
74 19
46 18
5 13
52 77
32 71
87 90
39 45
38 74
24 26
5 5
31 38
57 88
74 82
18 20
73 28
31 87
83 7
42 68
65 98
33 71
8 26
51 71
69 89
62 4
33 14
41 74
1 9
96 19
39 59
68 85
2 17
30 30
98 46
8 15
99 16
33 76
63 96
5 18
63 80
87 30
91 21
52 98
8 11
66 87
54 72
60 99
59 28
97 4
66 74
64 5
40 67
55 7
68 3
71 22
96 99
70 1
16 30
31 48
33 97
97 19
85 93
42 56
81 10
90 4
67 95
71 92
44 3
87 2
38 49
34 69
70 91
91 26
88 94
81 89
74 83
75 14
44 98
65 6
67 89
63 12
47 73
78 5
59 8
51 1
54 17
46 17
63 9
7 29
84 91
89 9
13 21
72 87
58 28
54 19
43 6
67 82
96 7
56 10
32 61
64 69
91 30
2 14
44 7
61 22
70 71
28 32
58 97
46 16
9 22
46 81
98 100
64 1
42 80
90 26
27 29
59 5
46 50
77 99
84 4
74 76
34 1
50 96
49 66
44 62
76 91
77 21
82 19
37 45
35 54
40 40
60 42
54 75
31 27
32 38
71 10
43 78
49 57
6 27
35 19
15 26
6 30
86 30
74 21
68 10
7 22
3 19
45 67
62 22
7 20
73 92
79 9
47 9
42 94
37 15
44 82
33 47
92 20
42 55
97 2
77 10
84 89
38 13
67 20
41 73
21 30
18 26
92 95
51 10
44 45
9 42
39 78
41 13
74 80
63 20
38 91
76 3
46 57
38 84
78 21
32 29
65 1
55 81
82 29
88 2
32 8
44 27
64 2
81 30
50 8
8 22
76 9
40 19
86 92
35 78
53 85
44 50
35 98
42 73
63 23
34 27
45 13
61 9
77 84
95 4
61 19
41 97
52 63
46 20
66 100
54 25
62 75
89 15
37 57
19 30
37 23
37 96
33 89
31 74
87 21
83 94
82 95
9 15
83 10
56 94
63 87
74 99
44 95
64 98
66 72
48 6
35 100
36 78
73 79
5 29
60 1
37 37
21 27
14 19
58 18
92 23
31 86
35 30
47 97
69 92
100 2
6 15
52 22
89 21
55 2
45 16
84 93
70 10
59 90
72 77
81 92
53 72
61 85
34 60
48 18
65 84
57 89
20 26
40 97
66 12
31 46
12 28
79 86
69 16
90 1
62 5
82 93
6 18
53 94
41 72
16 19
87 11
57 84
18 30
40 54
40 84
62 18
42 76
22 28
76 18
35 26
66 3
39 62
69 82
68 95
59 60
95 13
7 18
58 12
45 5
31 80
53 67
90 93
89 95
37 81
90 15
57 4
66 6
61 14
60 12
61 86
97 15
63 79
44 100
33 83
41 99
65 3
62 9
40 78
87 96
77 100
61 64
79 79
23 48
39 65
57 20
35 71
56 18
61 30
42 77
47 23
47 26
47 54
14 30
31 35
67 86
84 17
33 91
47 69
80 10
74 24
69 30
92 12
34 56
53 20
12 16
60 20
50 74
60 22
70 76
50 68
46 46
99 47
61 74
59 88
52 4
12 17
72 79
52 25
58 70
5 15
45 11
88 18
38 66
69 83
89 11
31 79
2 28
85 2
31 83
68 28
34 44
88 90
36 52
49 77
17 29
99 6
100 24
49 12
55 67
89 16
51 59
71 85
75 85
75 13
80 19
100 15
32 25
62 7
91 25
7 11
55 97
47 99
75 99
49 87
48 76
31 73
52 97
66 19
37 70
47 81
71 23
58 88
45 23
33 15
60 26
47 82
61 26
81 97
7 12
46 70
71 14
46 87
44 88
42 24
43 73
9 27
76 1
36 17
42 61
62 95
34 40
32 32
54 43
37 65
73 24
53 17
91 3
84 13
93 18
61 3
34 9
42 26
31 42
32 60
43 66
12 24
93 94
58 66
44 12
87 95
79 7
84 87
4 16
39 11
53 70
54 58
38 81
48 95
34 18
87 22
61 70
90 30
95 7
39 97
49 63
37 50
90 10
92 21
32 76
87 3
40 57
34 29
42 44
77 80
98 6
53 87
67 87
55 63
38 86
36 96
84 96
31 21
47 72
38 11
69 81
49 15
98 1
46 6
10 17
91 27
38 78
62 97
32 56
89 13
73 26
46 83
64 14
59 66
92 28
2 16
47 95
94 96
88 4
95 16
39 53
38 29
34 93
8 27
56 25
84 28
80 87
56 75
48 86
41 24
45 60
3 23
60 87
36 44
39 73
46 4
1 29
51 8
32 1
44 61
44 44
53 45
8 13
1 12
38 7
35 44
86 15
57 61
68 91
77 24
34 6
4 4
85 24
32 30
42 63
77 30
31 82
86 24
56 65
80 6
68 6
69 85
18 19
60 63
45 1
34 15
59 59
36 50
45 17
57 76
1 21
32 9
45 83
43 22
41 23
75 17
44 21
65 24
46 93
35 83
43 2
37 91
58 59
55 17
31 75
90 8
81 11
33 42
57 77
42 60
95 8
33 63
13 15
56 77
19 28
85 25
31 61
67 16
76 79
31 64
88 14
47 77
67 96
65 12
59 78
75 88
39 13
75 15
55 71
61 7
33 25
55 87
37 43
92 22
46 95
49 21
45 77
35 87
64 29
23 30
6 10
44 10
37 80
62 98
42 10
65 78
33 7
50 98
99 26
75 92
48 25
67 17
10 22
16 29
81 27
50 72
55 79
74 91
42 86
53 14
91 28
45 21
92 11
2 30
57 78
41 26
36 95
33 34
53 3
85 10
84 25
40 45
57 23
65 83
81 90
87 10
49 23
35 6
34 41
87 28
67 70
88 11
79 5
40 41
58 81
73 93
40 63
31 4
38 27
89 89
24 31
25 27
47 86
98 22
71 6
20 28
32 83
82 11
78 2
62 73
47 15
40 11
93 15
94 99
4 10
48 83
41 82
46 60
46 86
29 29
77 19
38 20
63 85
21 21
56 5
80 94
9 28
49 83
73 77
88 24
75 87
77 79
71 8
8 8
40 49
71 79
64 90
41 68
48 73
11 26
33 75
76 84
32 79
65 17
75 12
13 19
62 20
5 19
46 59
15 18
66 23
9 10
58 13
87 88
75 91
51 94
54 57
40 56
71 99
78 82
44 84
75 78
53 80
69 75
10 18
78 20
64 76
37 2
77 86
57 21
95 97
47 8
99 8
50 91
64 22
45 14
86 23
80 26
33 44
74 18
7 25
12 18
37 97
5 8
34 24
50 88
28 29
45 49
92 100
41 2
34 68
89 91
61 83
91 11
52 27
53 24
55 95
36 67
7 21
83 12
36 66
41 64
95 25
38 14
10 15
57 65
39 68
75 83
76 12
68 24
42 75
60 10
32 92
84 8
70 13
38 12
49 90
64 77
45 2
38 18
50 7
47 16
54 54
40 42
74 75
65 20
63 15
96 100
81 22
94 1
43 24
23 23
69 76
48 17
64 83
17 17
98 11
57 10
67 76
53 56
3 6
52 72
54 29
9 14
31 92
75 84
80 24
52 83
65 81
97 7
56 67
43 54
66 90
59 6
86 14
47 30
76 8
49 56
74 25
37 47
54 78
94 2
70 96
32 58
46 72
91 22
52 79
39 30
77 9
44 29
34 85
70 94
72 72
62 65
100 27
36 76
80 13
45 75
36 75
78 29
96 18
46 92
52 84
38 39
81 83
26 28
73 30
37 13
39 49
86 19
77 17
81 98
60 17
43 51
33 59
79 3
55 58
46 67
64 12
77 87
32 80
59 72
47 90
9 25
31 18
31 13
95 22
48 98
41 22
44 97
62 62
85 22
7 26
36 62
62 65
67 88
94 9
36 55
9 24
58 77
99 23
35 68
68 17
72 100
34 95
50 5
56 72
56 99
37 6
50 64
51 52
83 18
91 7
78 7
15 21
62 15
57 18
65 30
58 25
90 3
75 24
77 81
60 5
72 91
35 22
47 70
72 4
11 15
51 2
15 23
32 28
95 96
66 98
36 70
51 70
65 90
35 56
53 25
7 19
62 84
33 37
60 13
73 99
73 8
15 20
49 64
50 56
78 90
33 6
69 98
80 99
91 14
68 81
59 9
48 27
71 4
64 28
81 88
65 73
62 26
54 93
49 6
82 83
21 24
4 25
47 5
56 92
64 20
57 60
38 51
94 97
36 88
39 88
66 69
34 76
17 22
53 89
70 19
31 90
36 89
33 38
34 90
84 98
43 100
65 74
67 73
89 4
24 25
36 4
69 22
66 94
55 3
35 66
36 79
45 62
79 93
48 23
77 88
70 98
71 93
52 67
41 11
53 73
39 99
47 27
74 23
40 77
38 50
40 98
77 27
58 20
48 12
6 24
71 26
100 13
52 13
79 96
70 29
6 13
54 82
92 9
59 7
44 46
32 5
45 55
67 21
68 88
48 53
75 6
55 89
43 91
41 69
97 11
89 14
41 80
69 80
43 25
9 17
42 7
19 29
1 4
51 74
19 23
57 62
98 7
58 68
36 27
32 68
41 3
69 70
51 9
34 3
31 24
34 99
76 92
39 25
80 17
45 68
3 8
37 55
34 47
55 96
84 90
95 15
81 6
51 61
47 19
96 98
21 27
73 4
96 22
73 98
49 85
59 91
65 18
46 2
88 92
44 72
37 14
54 74
67 2
40 9
78 19
32 91
66 15
89 1
67 83
72 96
17 24
33 21
45 96
48 75
64 6
48 92
65 28
39 83
69 95
57 29
77 2
94 16
45 89
76 13
64 19
82 21
56 1
36 13
35 8
65 21
86 1
31 40
62 77
53 2
24 30
45 47
63 6
12 27
62 91
49 10
44 83
74 9
81 99
3 5
33 53
86 90
50 9
100 100
63 8
68 79
10 23
85 22
79 15
41 42
35 39
53 26
51 67
32 41
59 93
88 96
60 74
61 90
75 79
31 32
50 52
32 36
71 78
3 4
45 79
56 95
61 81
63 11
53 8
76 78
59 15
65 7
33 96
55 22
41 91
36 64
36 41
87 99
86 18
74 28
33 19
77 77
60 72
98 14
56 27
98 26
72 2
77 1
62 86
37 48
80 5
29 30
75 18
45 81
79 8
69 90
69 14
58 22
86 6
48 88
33 61
92 4
94 95
71 71
55 34
37 7
45 51
49 14
100 25
43 49
44 20
77 96
70 79
10 13
44 55
71 3
1 25
55 4
4 20
37 20
53 65
40 64
44 67
54 96
17 25
39 69
39 56
59 68
51 19
59 85
70 9
88 91
36 20
12 13
74 100
47 49
41 76
61 66
69 69
87 13
47 84
34 48
39 58
8 18
65 9
82 28
67 90
46 5
51 30
65 89
90 99
12 14
98 15
54 77
75 94
85 17
41 12
37 75
38 8
69 27
81 81
3 6
33 95
33 33
79 34
49 65
4 23
90 11
54 23
68 27
51 82
69 4
57 67
56 64
58 62
41 57
53 93
79 88
44 73
85 26
61 75
48 7
7 13
58 81
33 5
76 83
96 9
47 65
39 80
56 20
83 1
74 26
70 14
66 25
73 88
43 96
74 1
67 12
77 90
70 6
42 11
38 45
19 25
41 77
61 6
56 82
45 73
92 3
58 85
57 28
62 79
91 93
99 27
81 8
61 61
56 64
100 12
56 24
35 7
49 81
15 30
1 22
72 7
65 86
51 51
68 11
18 22
45 48
67 77
74 17
31 77
21 22
99 25
75 1
73 94
37 54
58 30
58 67
33 87
37 61
75 97
87 24
50 53
77 83
58 16
82 15
57 15
50 16
99 21
66 79
58 1
77 5
35 90
33 66
64 78
41 19
69 93
62 25
61 82
49 29
52 7
54 22
43 77
85 23
44 64
68 69
3 16
52 88
69 3
87 89
80 95
65 87
41 15
79 84
85 92
14 17
82 30
54 73
56 89
84 94
34 81
38 44
91 23
63 5
63 86
6 19
56 28
46 15
41 63
44 9
36 57
34 7
49 100
2 27
67 80
69 21
57 14
39 12
97 29
58 72
97 23
76 89
33 13
39 60
85 21
96 12
62 71
1 11
49 51
52 70
38 41
37 49
42 91
63 22
74 6
83 98
49 70
73 23
34 12
40 42
34 14
43 44
31 17
26 29
80 98
47 11
61 62
83 14
43 27
46 76
46 21
47 1
40 80
75 26
85 27
78 11
97 1
46 63
52 80
3 13
77 29
50 61
36 81
51 78
43 10
96 11
78 85
52 12
35 40
98 24
4 24
49 84
31 56
33 30
1 17
59 63
72 13
44 65
53 83
57 30
73 20
9 18
43 46
60 76
39 75
6 11
35 89
10 20
35 17
93 2
99 14
78 84
41 17
58 71
76 80
47 28
90 7
55 64
42 47
42 100
59 21
53 22
79 80
42 8
84 18
60 85
40 53
59 82
32 18
88 12
52 2
53 64
38 55
75 25
17 23
47 62
87 91
71 95
92 30
78 25
41 85
32 98
45 100
31 63
78 9
78 4
67 1
44 78
32 94
54 65
91 92
33 10
35 15
42 17
39 89
54 15
52 21
43 81
42 82
90 9
39 8
1 19
44 6
16 27
99 15
49 7
83 8
98 8
40 95
57 80
32 13
56 93
18 23
42 3
39 61
82 13
35 28
13 13
67 92
17 18
38 24
62 13
77 95
65 27
77 13
70 99
43 53
40 8
58 63
34 4
56 96
56 61
32 43
46 89
93 100
49 24
54 85
36 30
66 7
81 25
44 56
80 2
55 65
1 30
56 100
76 21
82 4
52 66
34 84
45 66
85 100
89 92
62 11
90 100
57 13
5 28
65 97
59 80
79 29
90 23
84 21
42 43
89 24
34 39
33 51
71 77
33 77
71 18
45 28
93 5
83 95
37 74
70 23
38 38
56 32
51 86
77 19
5 16
44 54
40 15
50 24
96 21
70 77
37 76
25 25
21 44
3 12
78 10
99 99
6 33
62 12
22 29
75 7
82 3
84 88
55 56
42 97
52 92
84 1
78 22
79 22
55 28
75 76
71 81
7 8
53 11
34 58
60 66
57 92
11 21
95 95
92 96
41 89
41 71
99 3
52 90
34 91
2 6
54 5
73 73
17 38
32 99
37 29
83 17
73 95
60 68
54 99
91 29
52 60
51 26
56 13
73 18
61 18
55 17
89 8
92 26
38 22
85 99
2 23
64 64
92 50
32 59
40 88
48 48
57 85
46 11
71 86
46 22
73 6
73 74
15 24
52 53
100 36
49 79
96 20
14 26
84 7
57 1
48 5
47 79
18 18
60 2
46 80
56 83
32 72
91 6
79 20
100 28
39 100
80 81
77 6
43 85
12 30
34 75
58 73
88 30
72 20
70 90
60 88
40 73
50 60
19 26
91 20
46 14
44 23
27 28
37 10
89 10
58 3
96 24
35 35
72 33
74 10
25 30
38 48
59 19
92 94
6 29
32 63
68 73
41 58
42 6
58 90
90 5
88 93
39 23
61 68
80 28
98 17
10 10
82 3
1 8
93 9
36 97
61 92
99 30
94 29
93 16
32 100
100 9
57 74
70 27
10 26
90 29
42 70
74 84
64 9
60 78
78 88
71 16
2 19
57 97
90 91
71 74
88 27
44 53
38 72
37 72
62 76
31 1
69 6
40 16
39 84
80 100
63 75
34 70
48 91
77 22
55 90
67 75
73 2
32 26
37 9
65 19
45 61
61 25
97 16
34 30
52 16
62 23
55 86
87 97
34 54
38 60
10 14
31 55
9 19
66 96
61 79
33 56
84 92
59 26
40 29
49 68
94 14
54 84
31 96
81 17
58 27
3 20
42 62
40 24
50 80
88 17
5 14
38 62
21 28
49 3
6 16
43 56
38 76
51 21
62 88
44 60
36 7
71 87
70 15
44 71
38 59
49 16
49 17
57 79
90 97
37 95
1 26
98 27
36 45
62 19
52 91
78 16
70 30
43 30
48 99
63 94
51 80
10 11
78 93
36 61
35 95
63 78
36 12
61 89
53 79
64 99
32 27
71 25
52 71
31 99
93 93
67 83
6 14
46 79
79 17
37 98
56 22
57 95
36 84
31 22
35 2
53 96
48 60
59 64
44 58
32 78
49 58
55 11
36 15
51 17
92 1
59 77
34 35
90 23
93 10
42 14
86 10
52 69
5 6
42 58
87 8
39 47
1 10
68 97
77 93
33 58
80 1
53 62
85 95
35 46
95 14
33 4
72 97
86 98
41 66
38 21
34 97
34 74
96 14
37 30
81 82
73 76
82 82
11 22
71 1
83 21
90 27
49 95
36 25
56 74
32 19
56 2
74 2
39 42
92 18
52 54
37 68
47 58
52 82
32 45
67 79
100 18
63 3
33 79
55 12
83 22
43 3
56 88
34 43
66 26
56 17
33 11
89 12
66 88
88 100
91 12
68 1
68 30
34 19
8 24
40 58
58 58
9 35
63 13
83 90
63 82
50 17
91 16
40 92
56 78
70 22
50 54
50 23
39 64
73 21
51 85
80 12
56 76
65 96
36 100
48 28
43 70
18 25
65 85
72 82
55 15
64 93
56 5
46 71
47 57
10 29
60 93
42 96
34 26
64 81
44 63
73 27
80 96
36 56
8 21
53 7
66 17
58 6
32 2
66 14
56 16
34 96
12 23
45 27
74 90
49 96
47 61
43 87
43 79
31 66
31 28
78 86
38 71
39 17
67 81
42 57
38 79
32 86
86 22
76 4
44 89
1 28
46 64
55 82
14 16
51 6
69 25
8 20
74 89
38 64
72 17
66 85
70 87
40 62
54 87
47 92
40 44
59 86
84 26
72 25
33 45
54 14
37 11
77 23
90 16
43 71
73 75
42 92
46 9
68 8
38 52
53 29
56 69
20 23
79 28
94 28
36 77
40 99
96 97
65 89
54 94
32 10
38 77
42 87
72 98
87 27
49 86
56 70
13 14
50 65
36 47
38 89
73 12
100 30
46 7
60 28
86 16
50 83
42 53
14 22
35 74
44 5
80 29
9 11
44 86
6 8
48 22
34 11
51 20
36 9
69 26
38 16
46 61
36 91
53 97
50 25
38 3
18 24
52 57
34 86
45 46
62 92
70 80
81 28
47 68
78 8
45 94
52 85
67 78
100 29
95 11
80 88
78 15
70 84
45 86
52 75
54 79
95 27
36 85
40 10
33 74
31 25
48 19
48 55
87 93
47 59
85 6
41 4
76 100
57 96
70 16
69 13
93 96
46 27
7 16
24 24
2 25
64 16
32 39
46 74
55 70
49 20
80 16
84 16
61 15
48 78
65 22
37 78
67 74
98 10
99 5
73 100
92 98
58 78
69 71
20 25
66 83
50 87
63 72
71 88
43 82
70 5
47 25
38 17
59 14
23 27
66 86
77 8
36 94
75 21
50 19
32 82
63 84
45 25
43 48
86 25
84 3
46 51
95 6
52 58
66 84
34 94
51 99
54 24
45 45
63 78
70 4
3 29
44 25
85 14
61 20
49 30
34 20
73 29
51 97
43 92
92 29
85 87
1 5
31 52
68 75
98 5
97 26
60 80
76 28
86 29
53 63
62 3
36 23
56 80
83 24
62 96
46 19
88 8
69 77
43 9
67 91
55 69
48 68
92 2
74 12
83 93
32 48
47 2
48 14
76 25
99 7
46 88
59 3
60 77
58 91
50 86
37 22
52 89
52 73
77 26
96 29
38 30
54 10
59 74
53 78
48 26
16 24
42 9
7 7
3 16
90 13
83 19
80 20
3 15
36 82
81 7
85 4
4 29
93 19
36 83
49 1
65 26
46 69
35 81
60 86
44 11
48 89
57 82
5 26
51 63
63 26
71 96
37 4
53 12
77 82
62 70
54 97
36 80
65 77
91 97
7 30
87 13
52 87
47 6
66 95
55 91
81 19
68 93
76 97
48 67
83 100
57 85
69 91
46 10
3 3
85 1
76 77
37 46
64 96
4 17
40 96
89 22
78 87
92 6
90 22
15 17
98 11
72 86
17 28
40 69
68 89
35 79
57 94
72 27
27 27
75 82
67 24
45 6
32 62
71 76
57 27
92 16
47 98
32 52
99 28
92 17
79 98
55 29
51 29
64 100
68 15
38 75
41 30
75 2
72 14
14 23
41 84
38 99
65 25
39 41
79 10
45 24
82 10
90 12
68 11
45 80
71 29
81 23
64 72
60 73
66 2
59 23
16 23
72 22
51 88
49 82
99 19
59 25
34 51
96 25
52 14
3 11
37 8
59 79
37 58
83 23
35 1
41 10
32 66
55 26
88 29
45 26
27 30
52 100
31 16
35 96
36 50
23 25
58 79
65 79
94 3
62 30
48 93
47 74
53 68
83 83
94 50
69 86
39 86
62 69
47 75
63 28
48 52
85 19
31 26
57 64
91 15
63 10
39 92
14 14
21 23
49 88
85 89
72 10
94 100
68 84
65 95
31 84
66 91
73 9
37 89
81 100
87 29
2 15
49 76
39 54
82 2
39 14
85 30
60 6
51 57
37 99
68 78
74 79
19 27
16 21
33 20
86 17
60 61
54 36
62 80
1 18
20 22
39 70
69 74
60 71
84 11
63 73
80 97
49 5
72 16
59 70
100 26
37 16
83 2
2 5
37 56
70 75
39 93
33 67
49 97
81 21
56 90
4 9
65 66
55 62
63 95
76 76
17 50
70 8
54 59
1 16
16 20
80 85
36 58
38 98
57 73
74 14
40 46
4 12
54 7
70 86
85 20
78 79
46 47
18 54
38 54
98 23
33 57
58 29
55 84
37 19
31 33
53 57
32 42
68 92
57 100
82 91
50 95
33 50
11 17
35 92
39 71
49 89
75 77
67 84
63 71
88 9
85 7
42 51
67 15
67 26
52 8
17 27
13 25
76 19
45 78
54 64
87 1
67 94
43 43
92 36
80 14
79 90
53 53
79 20
83 99
80 4
36 26
67 18
78 30
49 9
45 53
65 20
67 10
51 25
37 26
44 74
54 100
42 28
34 80
56 21
36 19
69 84
39 7
47 71
66 5
50 30
7 24
73 15
94 19
84 10
38 5
88 3
54 16
67 8
55 94
6 26
46 62
60 19
64 88
67 4
55 13
75 75
11 45
40 28
60 23
93 95
72 3
34 34
81 49
53 88
31 57
74 27
92 13
57 17
74 78
46 85
43 88
64 3
32 93
59 96
41 44
42 25
34 53
50 55
89 97
53 13
72 15
54 6
44 66
73 1
61 95
36 51
12 19
79 1
57 22
89 26
51 4
45 7
58 15
95 26
73 17
76 16
2 7
63 1
41 96
52 29
42 50
41 98
22 30
34 38
36 73
82 94
83 27
96 10
34 59
32 88
62 100
47 85
33 54
65 80
61 72
49 92
35 12
35 49
85 8
85 24
45 72
55 72
38 53
98 21
94 12
36 21
32 22
71 30
41 93
48 15
89 96
49 2
42 46
40 6
39 15
79 85
49 52
42 21
39 81
83 87
63 65
18 27
76 20
20 29
4 11
25 28
51 95
47 64
37 59
59 2
39 66
73 7
78 95
54 86
55 99
70 2
63 17
33 41
11 23
84 97
90 19
58 99
50 22
94 5
58 80
48 16
64 71
50 50
75 24
5 10
44 13
80 82
49 73
70 92
2 18
93 6
73 90
44 92
67 85
96 15
50 70
74 98
31 95
37 86
60 90
34 8
20 21
2 10
39 74
95 28
91 19
3 27
37 71
100 23
14 15
40 100
63 66
57 8
40 21
41 43
80 8
36 38
96 16
40 1
87 18
34 98
88 25
37 87
97 13
4 21
90 2
25 26
35 99
32 85
52 26
38 82
37 82
45 3
52 55
94 7
49 98
36 92
34 2
98 18
73 3
38 61
50 63
32 96
50 13
4 7
79 25
33 98
9 13
37 90
40 12
11 19
80 89
91 98
35 36
50 100
49 22
83 20
89 2
55 55
60 38
67 98
43 65
33 49
31 71
39 4
100 6
35 61
17 30
68 76
46 100
67 97
40 79
35 43
25 29
100 11
31 76
40 70
87 26
35 69
60 24
44 17
76 5
45 93
18 21
45 99
34 63
75 22
35 58
45 82
38 83
97 25
44 15
72 75
20 27
45 19
4 18
74 86
76 14
40 94
59 18
61 27
37 92
66 4
34 55
47 18
53 75
31 69
58 75
46 97
54 67
79 99
72 89
42 93
52 81
1 20
43 83
96 96
60 95
81 2
3 22
42 71
45 85
33 81
53 92
66 71
66 16
40 17
64 67
72 30
1 7
73 13
59 99
38 42
31 39
61 99
35 13
38 47
43 1
48 11
37 73
58 7
81 91
60 70
59 95
50 62
31 45
36 11
80 92
56 29
48 64
91 94
71 97
64 84
82 20
89 29
53 74
65 72
12 15
83 89
36 65
72 23
42 67
71 5
56 4
72 90
58 96
81 5
70 73
82 7
85 91
55 23
55 18
56 7
60 11
44 96
78 1
65 69
68 94
82 25
8 10
5 30
88 5
2 11
75 100
41 9
74 74
71 40
71 2
44 8
72 83
73 5
4 26
59 11
86 27
43 26
35 85
79 97
72 18
65 82
78 89
82 24
58 95
34 64
40 82
36 29
51 13
66 27
50 29
56 97
71 83
98 19
66 8
78 81
48 10
75 3
90 20
95 2
100 19
54 3
76 23
53 76
77 98
89 99
39 9
85 97
78 78
89 52
98 12
37 42
93 22
61 16
67 27
85 13
41 25
86 11
48 49
77 27
54 98
58 17
66 66
61 27
48 72
23 24
87 7
70 78
70 3
53 28
1 13
50 59
47 4
31 67
46 48
10 24
63 99
10 12
47 56
31 85
73 10
22 25
35 94
81 3
82 26
17 26
96 4
43 8
57 71
55 80
9 20
40 61
41 62
35 80
77 85
80 15
89 93
82 99
6 20
64 66
65 11
53 98
54 90
41 28
60 3
99 10
50 1
99 20
41 59
77 92
3 9
50 85
65 68
72 19
2 20
71 98
39 51
58 89
100 16
68 19
54 28
74 96
60 69
98 16
72 95
67 28
48 71
5 25
51 55
45 95
33 27
89 5
89 6
84 12
41 7
46 78
54 13
61 87
37 17
43 55
95 9
97 97
100 22
44 26
40 66
34 45
31 50
42 42
9 36
34 22
11 20
15 27
59 83
81 15
61 65
22 24
76 27
73 78
40 83
48 4
40 5
51 28
2 2
78 50
49 54
43 11
36 69
59 71
37 85
38 46
64 95
81 95
46 24
62 93
56 9
39 6
86 91
58 98
63 81
8 16
3 14
97 28
54 8
61 4
82 17
13 26
11 12
98 3
33 78
94 10
32 97
45 29
93 30
82 87
46 84
48 21
68 77
43 68
87 16
54 92
54 2
73 14
56 91
71 89
63 63
82 93
35 27
71 9
57 16
79 81
62 21
78 26
56 68
31 19
43 95
57 86
63 27
68 18
72 99
39 29
64 75
58 74
38 63
53 58
58 94
37 77
69 96
43 50
98 30
85 1
53 10
53 60
41 54
84 85
4 7
70 21
73 96
49 62
68 22
57 59
68 74
50 92
36 59
44 14
75 86
32 49
38 88
13 16
47 96
45 97
75 81
66 75
100 10
56 81
42 66
32 34
41 49
1 23
73 82
35 72
93 23
57 3
60 84
64 80
64 74
31 12
82 89
34 79
47 93
9 21
63 24
68 4
84 27
66 80
78 93
89 20
44 75
67 6
38 94
39 77
78 91
92 25
36 53
66 73
75 4
31 10
35 50
70 97
34 13
79 18
54 91
52 64
94 23
57 63
41 78
31 29
43 74
76 6
11 25
15 15
73 76
48 62
16 28
65 75
34 89
85 15
35 91
53 90
53 6
51 89
65 4
13 24
55 83
5 22
51 23
3 24
71 72
31 20
49 67
50 78
31 51
34 67
70 85
51 75
67 69
56 30
59 62
64 7
86 94
8 23
60 8
60 27
47 83
84 30
64 10
34 61
33 35
2 26
42 84
66 81
51 87
31 44
23 28
39 90
100 22
13 29
93 97
37 21
19 21
63 19
64 8
50 94
35 55
90 17
97 30
55 88
45 69
47 78
72 1
43 45
63 70
4 30
35 77
50 14
79 30
83 96
54 62
37 38
52 15
36 87
65 2
9 16
23 26
51 79
38 96
86 97
67 23
70 7
66 11
43 90
68 2
47 89
37 12
52 28
80 22
98 20
52 52
60 22
32 51
47 48
89 19
98 2
35 11
87 9
21 26
64 94
36 1
50 81
84 100
62 87
67 25
52 24
43 76
16 26
94 21
62 6
58 10
43 62
88 99
45 90
68 13
35 42
39 67
32 4
52 5
48 84
53 27
10 28
62 82
81 1
71 28
68 96
72 8
39 26
37 41
70 18
45 84
33 73
78 96
53 81
33 93
3 17
37 1
63 4
93 98
46 53
68 70
45 87
54 89
41 88
64 30
42 49
57 75
45 4
41 29
62 63
10 12
76 2
53 61
49 93
76 7
85 88
42 54
37 69
76 94
32 84
39 95
1 1
82 38
47 13
43 17
68 14
56 98
31 62
99 17
54 4
88 22
63 83
42 64
2 12
3 10
32 95
69 76
41 67
11 30
64 15
65 99
36 86
61 17
99 100
77 78
40 52
22 22
10 50
64 65
25 47
53 16
34 87
57 57
80 31
36 5
78 28
6 21
31 100
43 5
40 74
35 18
8 30
47 100
50 66
51 3
85 28
5 9
67 100
31 94
1 3
31 11
97 8
79 95
4 22
41 21
50 73
49 53
59 97
94 22
50 3
68 26
34 62
40 90
98 98
1 11
62 10
11 13
39 46
59 76
54 61
13 17
36 49
38 93
32 69
33 3
94 24
5 12
50 75
41 46
43 16
52 59
32 6
44 47
34 50
6 9
45 30
92 8
65 67
71 13
35 29
36 3
70 25
67 5
88 19
42 30
46 29
37 79
67 22
49 11
38 10
39 19
39 52
69 23
57 66
48 2
51 84
34 52
12 21
4 13
71 24
32 11
64 70
67 3
62 1
87 12
55 19
37 63
79 11
59 94
70 17
60 21
52 9
76 22
65 71
33 48
43 15
72 12
52 3
58 4
97 9
88 7
38 23
32 89
66 20
66 13
10 19
86 100
66 67
31 97
70 81
95 5
33 22
69 15
40 47
1 14
84 99
92 24
55 61
42 79
35 84
2 21
8 9
43 44
78 83
82 88
33 99
43 80
20 20
92 33
35 25
44 18
68 9
42 89
63 76
56 58
60 94
64 26
32 55
44 52
91 13
52 93
52 95
66 89
48 57
33 85
95 99
37 40
38 85
41 90
34 82
44 70
88 1
77 28
64 21
35 93
4 28
44 1
74 29
46 49
90 14
93 8
72 9
100 3
99 4
40 49
91 4
81 26
93 1
33 52
52 23
34 92
92 14
80 86
72 92
50 26
93 20
95 1
92 19
77 14
32 47
44 81
16 16
29 35
56 73
41 79
42 45
37 46
44 85
57 83
91 17
64 13
65 8
50 28
42 2
39 57
31 6
59 65
35 52
16 17
70 1
22 27
6 6
60 80
44 49
49 26
81 4
63 16
13 18
87 98
82 14
32 12
61 11
79 100
90 6
74 11
21 24
40 55
96 17
37 93
60 67
79 94
80 84
37 84
48 29
47 29
70 12
61 73
59 81
39 48
67 68
2 8
77 94
55 25
41 53
58 19
54 71
65 29
31 7
47 66
68 25
92 7
49 91
66 21
31 54
69 19
50 71
71 20
84 15
63 93
44 16
88 89
53 15
32 50
37 64
51 18
46 12
33 28
83 3
61 69
21 23
72 21
79 91
49 99
38 25
61 97
44 99
61 5
38 90
98 99
64 92
82 12
86 87
54 37
50 12
96 23
79 27
75 29
59 13
76 86
61 91
43 21
87 4
33 62
65 13
88 20
93 24
44 76
36 54
41 48
51 5
97 18
59 22
56 84
51 56
83 4
64 79
72 6
41 81
75 5
74 88
82 23
76 88
54 66
45 54
5 21
49 74
52 99
1 15
57 26
74 4
11 16
31 36
96 26
64 4
49 55
31 58
93 29
86 28
86 89
60 91
72 85
52 78
57 70
59 89
57 72
28 30
43 67
39 79
68 72
52 6
71 15
32 3
43 47
71 11
63 77
31 9
58 26
87 17
47 76
82 22
70 89
84 5
43 13
33 29
41 70
33 2
87 100
33 82
48 1
81 12
69 7
49 19
40 65
59 29
47 51
31 70
63 18
100 4
79 4
40 71
78 13
62 99
67 7
78 100
64 85
45 15
2 13
81 87
89 7
99 11
77 91
72 5
93 99
95 30
71 80
