80 3240
dozmdxdwghpqevcikxczgylwklmsznbfiztxrmqmnqluxlqghlynzenmkyqhme
mjescrwizjenamvrunnpmhkgxncurzquqcdmzojtubhhzsnlouirpnmcrxmyre
nppcgdpsromivocyefbqvzsujryrtsvawtpgwqdkcrettamcnobbalaafcvnqr
rpmqodtegzchgwdqnwguofrrohzhbwouzlgapmdtzyncchonduqvjhxtuarsqp
gemdqyiqtjbjzehqusfvpiluhyqbteohoddfeoglvqadcfgydgcdmifqomtjay
gnhbbesieabxxewhsctjascasmeykmkoxelixkhbtmiztxmazspsefmnkwuaho
cfpxkiodkwoyuktcxausrxipgbsxeltwwwwigggiwsqacstxldvbrmirrasclj
kchdbnntbctizkzitwarteplwqoecjbnkcbkmurmolouckpmpvteietzvnmoov
kchdbnntbctizkzitwarteplwqoecjbnkcbkmurmolouckpmpvteietzvnmoov
dozmdxdwghpqevcikxczgylwklmsznbfiztxrmqmnqluxlqghlynzenmkyqhme
cfpxkiodkwoyuktcxausrxipgbsxeltwwwwigggiwsqacstxldvbrmirrasclj
gnhbbesieabxxewhsctjascasmeykmkoxelixkhbtmiztxmazspsefmnkwuaho
mjescrwizjenamvrunnpmhkgxncurzquqcdmzojtubhhzsnlouirpnmcrxmyre
rpmqodtegzchgwdqnwguofrrohzhbwouzlgapmdtzyncchonduqvjhxtuarsqp
nppcgdpsromivocyefbqvzsujryrtsvawtpgwqdkcrettamcnobbalaafcvnqr
gemdqyiqtjbjzehqusfvpiluhyqbteohoddfeoglvqadcfgydgcdmifqomtjay
dozmdxdwghpqevcikxczgylwklmsznbfiztxrmqmnqluxlqghlynzenmkyqhme
rpmqodtegzchgwdqnwguofrrohzhbwouzlgapmdtzyncchonduqvjhxtuarsqp
gnhbbesieabxxewhsctjascasmeykmkoxelixkhbtmiztxmazspsefmnkwuaho
mjescrwizjenamvrunnpmhkgxncurzquqcdmzojtubhhzsnlouirpnmcrxmyre
nppcgdpsromivocyefbqvzsujryrtsvawtpgwqdkcrettamcnobbalaafcvnqr
gemdqyiqtjbjzehqusfvpiluhyqbteohoddfeoglvqadcfgydgcdmifqomtjay
kchdbnntbctizkzitwarteplwqoecjbnkcbkmurmolouckpmpvteietzvnmoov
cfpxkiodkwoyuktcxausrxipgbsxeltwwwwigggiwsqacstxldvbrmirrasclj
cfpxkiodkwoyuktcxausrxipgbsxeltwwwwigggiwsqacstxldvbrmirrasclj
nppcgdpsromivocyefbqvzsujryrtsvawtpgwqdkcrettamcnobbalaafcvnqr
dozmdxdwghpqevcikxczgylwklmsznbfiztxrmqmnqluxlqghlynzenmkyqhme
mjescrwizjenamvrunnpmhkgxncurzquqcdmzojtubhhzsnlouirpnmcrxmyre
gemdqyiqtjbjzehqusfvpiluhyqbteohoddfeoglvqadcfgydgcdmifqomtjay
gnhbbesieabxxewhsctjascasmeykmkoxelixkhbtmiztxmazspsefmnkwuaho
rpmqodtegzchgwdqnwguofrrohzhbwouzlgapmdtzyncchonduqvjhxtuarsqp
kchdbnntbctizkzitwarteplwqoecjbnkcbkmurmolouckpmpvteietzvnmoov
gemdqyiqtjbjzehqusfvpiluhyqbteohoddfeoglvqadcfgydgcdmifqomtjay
mjescrwizjenamvrunnpmhkgxncurzquqcdmzojtubhhzsnlouirpnmcrxmyre
kchdbnntbctizkzitwarteplwqoecjbnkcbkmurmolouckpmpvteietzvnmoov
gnhbbesieabxxewhsctjascasmeykmkoxelixkhbtmiztxmazspsefmnkwuaho
cfpxkiodkwoyuktcxausrxipgbsxeltwwwwigggiwsqacstxldvbrmirrasclj
rpmqodtegzchgwdqnwguofrrohzhbwouzlgapmdtzyncchonduqvjhxtuarsqp
nppcgdpsromivocyefbqvzsujryrtsvawtpgwqdkcrettamcnobbalaafcvnqr
dozmdxdwghpqevcikxczgylwklmsznbfiztxrmqmnqluxlqghlynzenmkyqhme
kchdbnntbctizkzitwarteplwqoecjbnkcbkmurmolouckpmpvteietzvnmoov
dozmdxdwghpqevcikxczgylwklmsznbfiztxrmqmnqluxlqghlynzenmkyqhme
gnhbbesieabxxewhsctjascasmeykmkoxelixkhbtmiztxmazspsefmnkwuaho
gemdqyiqtjbjzehqusfvpiluhyqbteohoddfeoglvqadcfgydgcdmifqomtjay
mjescrwizjenamvrunnpmhkgxncurzquqcdmzojtubhhzsnlouirpnmcrxmyre
rpmqodtegzchgwdqnwguofrrohzhbwouzlgapmdtzyncchonduqvjhxtuarsqp
cfpxkiodkwoyuktcxausrxipgbsxeltwwwwigggiwsqacstxldvbrmirrasclj
nppcgdpsromivocyefbqvzsujryrtsvawtpgwqdkcrettamcnobbalaafcvnqr
gemdqyiqtjbjzehqusfvpiluhyqbteohoddfeoglvqadcfgydgcdmifqomtjay
cfpxkiodkwoyuktcxausrxipgbsxeltwwwwigggiwsqacstxldvbrmirrasclj
nppcgdpsromivocyefbqvzsujryrtsvawtpgwqdkcrettamcnobbalaafcvnqr
kchdbnntbctizkzitwarteplwqoecjbnkcbkmurmolouckpmpvteietzvnmoov
mjescrwizjenamvrunnpmhkgxncurzquqcdmzojtubhhzsnlouirpnmcrxmyre
gnhbbesieabxxewhsctjascasmeykmkoxelixkhbtmiztxmazspsefmnkwuaho
rpmqodtegzchgwdqnwguofrrohzhbwouzlgapmdtzyncchonduqvjhxtuarsqp
dozmdxdwghpqevcikxczgylwklmsznbfiztxrmqmnqluxlqghlynzenmkyqhme
rpmqodtegzchgwdqnwguofrrohzhbwouzlgapmdtzyncchonduqvjhxtuarsqp
gemdqyiqtjbjzehqusfvpiluhyqbteohoddfeoglvqadcfgydgcdmifqomtjay
dozmdxdwghpqevcikxczgylwklmsznbfiztxrmqmnqluxlqghlynzenmkyqhme
gnhbbesieabxxewhsctjascasmeykmkoxelixkhbtmiztxmazspsefmnkwuaho
cfpxkiodkwoyuktcxausrxipgbsxeltwwwwigggiwsqacstxldvbrmirrasclj
nppcgdpsromivocyefbqvzsujryrtsvawtpgwqdkcrettamcnobbalaafcvnqr
mjescrwizjenamvrunnpmhkgxncurzquqcdmzojtubhhzsnlouirpnmcrxmyre
kchdbnntbctizkzitwarteplwqoecjbnkcbkmurmolouckpmpvteietzvnmoov
rpmqodtegzchgwdqnwguofrrohzhbwouzlgapmdtzyncchonduqvjhxtuarsqp
mjescrwizjenamvrunnpmhkgxncurzquqcdmzojtubhhzsnlouirpnmcrxmyre
kchdbnntbctizkzitwarteplwqoecjbnkcbkmurmolouckpmpvteietzvnmoov
gemdqyiqtjbjzehqusfvpiluhyqbteohoddfeoglvqadcfgydgcdmifqomtjay
dozmdxdwghpqevcikxczgylwklmsznbfiztxrmqmnqluxlqghlynzenmkyqhme
nppcgdpsromivocyefbqvzsujryrtsvawtpgwqdkcrettamcnobbalaafcvnqr
gnhbbesieabxxewhsctjascasmeykmkoxelixkhbtmiztxmazspsefmnkwuaho
cfpxkiodkwoyuktcxausrxipgbsxeltwwwwigggiwsqacstxldvbrmirrasclj
dozmdxdwghpqevcikxczgylwklmsznbfiztxrmqmnqluxlqghlynzenmkyqhme
gemdqyiqtjbjzehqusfvpiluhyqbteohoddfeoglvqadcfgydgcdmifqomtjay
gnhbbesieabxxewhsctjascasmeykmkoxelixkhbtmiztxmazspsefmnkwuaho
cfpxkiodkwoyuktcxausrxipgbsxeltwwwwigggiwsqacstxldvbrmirrasclj
mjescrwizjenamvrunnpmhkgxncurzquqcdmzojtubhhzsnlouirpnmcrxmyre
kchdbnntbctizkzitwarteplwqoecjbnkcbkmurmolouckpmpvteietzvnmoov
nppcgdpsromivocyefbqvzsujryrtsvawtpgwqdkcrettamcnobbalaafcvnqr
rpmqodtegzchgwdqnwguofrrohzhbwouzlgapmdtzyncchonduqvjhxtuarsqp
35 56
64 20
27 27
15 19
53 62
58 11
51 64
42 9
75 21
51 75
68 1
60 17
26 50
42 63
31 38
58 60
47 1
73 9
67 10
29 75
33 64
32 72
57 64
80 25
4 22
11 20
39 48
20 35
33 12
1 5
73 78
26 56
71 79
56 7
47 13
76 23
40 13
75 9
30 5
40 58
53 72
45 69
38 67
45 54
64 13
32 74
45 1
38 72
43 17
79 11
34 54
48 8
24 10
61 75
26 75
48 3
29 67
41 80
34 8
36 23
66 17
7 15
27 16
76 13
39 80
50 1
50 3
40 11
58 12
45 66
27 71
37 43
10 60
28 50
59 74
3 23
28 78
35 42
76 30
73 5
59 62
63 8
31 6
80 23
29 16
25 43
62 68
59 67
64 77
30 33
23 29
79 30
34 6
56 8
55 1
48 78
32 75
30 61
34 43
56 10
33 40
22 22
46 63
56 58
3 3
21 38
49 1
74 18
38 62
25 72
45 14
41 45
73 3
52 61
8 50
80 4
74 15
48 73
60 9
38 76
29 12
36 63
71 13
24 20
40 41
44 14
73 74
51 72
24 55
10 13
38 79
60 80
33 36
61 76
79 22
35 57
30 73
50 66
70 14
49 65
54 63
58 17
35 36
10 27
47 2
50 20
27 22
66 78
78 18
51 56
39 66
38 40
38 44
42 8
66 5
33 78
38 9
13 16
2 49
9 11
9 79
67 15
25 45
26 62
67 77
19 50
45 53
51 15
28 31
72 7
32 2
70 3
56 62
15 42
56 60
54 14
38 45
2 24
43 64
46 79
28 6
53 20
24 53
3 20
27 7
52 74
57 69
38 43
13 45
26 5
25 62
54 21
56 59
5 31
38 3
49 53
58 76
56 12
42 67
53 63
77 4
49 17
71 9
25 63
1 2
71 14
54 76
76 19
70 18
76 9
67 20
52 58
12 16
4 12
60 60
26 52
38 15
51 18
30 72
53 22
48 76
1 13
28 9
24 8
42 54
50 78
41 51
55 55
40 78
23 23
40 4
9 21
61 15
5 15
28 51
34 46
72 74
26 30
2 15
54 4
46 51
23 71
46 64
27 65
72 22
27 48
45 74
40 67
47 21
54 20
40 55
40 72
72 19
59 10
2 2
25 28
75 43
38 78
15 21
79 47
7 8
55 22
35 47
31 72
1 21
57 70
43 4
24 25
50 63
67 8
35 21
38 70
24 9
70 6
63 2
46 52
78 47
59 65
73 51
51 61
34 48
74 7
41 5
78 4
48 61
42 58
53 11
75 7
2 21
33 80
46 18
63 8
26 48
76 14
52 5
35 16
32 34
9 52
52 75
25 14
64 79
29 47
69 1
40 20
25 60
64 6
48 22
20 21
73 45
35 73
65 10
30 67
77 5
29 58
45 60
78 1
19 28
35 1
28 69
31 7
64 1
33 52
62 70
3 17
58 1
47 54
48 38
54 59
49 77
77 8
54 65
51 79
75 16
64 11
25 10
40 22
62 20
33 14
33 58
24 45
63 79
24 11
53 56
75 42
55 69
61 78
71 6
40 14
59 67
52 19
44 4
5 9
14 45
50 11
52 53
61 9
71 21
37 71
28 23
58 60
2 6
70 36
51 55
26 36
52 70
72 17
48 6
42 78
40 52
3 10
30 31
57 20
63 63
61 69
3 38
72 21
34 10
5 5
58 61
59 5
62 78
31 17
25 38
37 18
64 12
58 68
51 62
64 13
43 9
41 73
31 20
33 42
11 42
74 10
47 58
26 41
77 2
18 31
24 60
28 38
75 14
73 21
63 74
76 10
64 67
12 30
13 13
15 38
57 66
61 76
28 53
60 5
53 76
25 29
51 51
69 2
28 22
67 74
45 6
11 15
25 63
26 61
78 20
26 69
77 15
40 57
27 58
39 57
43 56
13 21
21 29
45 70
29 23
38 71
51 67
34 49
46 77
7 23
36 40
40 47
39 57
47 68
9 17
51 77
51 59
3 8
2 42
24 47
45 11
47 12
43 52
39 46
6 56
46 23
59 23
66 79
49 62
51 7
52 7
74 20
52 3
26 4
59 75
42 64
27 50
57 18
50 55
12 50
71 2
64 14
37 4
57 78
12 18
59 66
41 49
70 22
61 22
42 62
29 52
53 64
13 18
28 7
53 68
56 13
50 62
37 37
34 54
39 65
49 15
60 21
5 19
61 4
36 80
41 23
27 54
32 65
74 74
53 53
22 47
69 23
41 67
24 59
72 11
14 21
19 42
68 68
39 3
26 46
48 2
37 54
69 17
46 68
69 80
31 55
78 22
68 80
54 79
59 63
62 3
48 7
38 21
48 51
56 14
63 78
61 9
37 77
33 74
58 78
68 21
27 73
33 72
4 18
26 8
44 53
48 68
10 17
23 66
6 17
71 3
62 71
60 19
72 9
59 60
76 6
54 60
12 35
39 15
64 15
66 66
21 1
37 39
12 75
41 20
28 35
24 12
40 9
37 70
26 53
36 57
7 9
29 57
47 51
2 5
62 36
26 55
45 55
76 15
65 6
40 80
24 7
76 80
72 48
73 18
64 64
19 9
41 16
63 18
56 70
55 62
65 71
74 65
13 20
10 12
23 34
74 21
44 55
29 42
69 77
55 42
78 3
72 25
45 72
75 79
76 22
60 74
41 7
30 76
12 22
38 41
64 54
28 7
39 64
66 2
71 78
54 64
75 21
58 2
28 74
46 10
62 3
40 54
74 75
44 39
42 14
44 64
46 67
71 7
27 19
50 63
32 60
39 2
41 77
25 53
71 77
79 11
68 19
17 18
48 10
51 54
66 76
47 10
26 42
35 19
46 49
3 50
28 67
28 16
24 61
5 7
30 68
55 65
51 1
43 11
33 37
3 4
18 38
28 42
67 67
27 53
57 67
49 23
29 1
29 36
53 70
28 45
63 64
48 65
68 13
20 20
13 48
32 54
48 10
65 4
4 9
3 6
62 72
2 10
55 23
40 43
7 18
55 6
7 12
39 73
1 16
46 11
28 72
79 17
74 19
46 58
14 15
52 8
60 11
27 12
27 40
73 77
66 78
43 22
63 69
46 66
31 31
18 20
24 54
61 62
1 24
63 15
77 11
55 15
32 32
52 62
70 73
22 36
36 61
40 17
9 20
73 15
55 70
8 23
69 13
7 7
48 71
33 6
38 73
45 49
75 79
35 43
23 45
69 8
42 77
2 16
28 37
53 11
47 62
37 40
41 14
37 1
27 34
5 13
57 35
27 23
29 74
34 35
59 16
3 22
10 18
25 36
72 20
53 54
44 38
36 41
41 80
24 57
79 5
36 38
16 75
52 79
71 20
74 9
55 57
8 30
38 12
35 7
25 56
45 75
43 13
49 74
39 50
60 67
65 3
24 27
70 32
30 71
32 50
34 39
12 15
65 36
30 70
71 73
6 70
49 56
13 29
32 6
26 31
21 29
29 18
16 16
19 26
9 57
47 15
45 16
73 2
48 55
49 76
24 31
57 77
80 19
54 74
42 60
62 8
26 28
17 65
47 11
37 51
36 5
57 65
48 78
39 58
25 41
36 55
42 80
68 78
70 7
28 55
39 47
60 60
70 76
6 71
27 20
37 64
56 75
35 62
43 48
35 67
11 12
14 23
70 38
39 68
59 20
46 6
2 15
49 55
67 19
47 71
24 1
74 12
24 42
44 67
66 8
34 13
6 19
6 8
30 38
12 57
54 3
64 19
30 23
50 18
48 79
31 63
9 9
12 32
53 57
51 53
24 49
39 3
40 23
9 12
59 44
30 16
44 74
68 10
30 51
77 14
31 23
35 54
49 80
80 15
51 58
63 20
58 21
9 23
27 53
45 22
57 12
37 5
32 68
53 67
79 2
16 38
61 67
40 40
54 6
28 28
22 67
42 57
19 20
62 68
15 47
44 1
80 2
17 35
27 3
27 33
25 57
46 20
36 59
2 4
51 72
41 50
72 75
59 13
35 13
24 76
17 17
65 5
29 51
42 51
3 15
66 20
25 77
24 68
27 63
33 21
14 19
4 50
68 8
46 61
36 47
70 77
1 39
75 12
29 73
42 47
6 46
36 36
15 2
55 60
42 44
16 77
56 11
35 51
40 53
35 8
2 18
67 70
77 36
60 62
53 63
43 59
29 37
5 31
12 17
45 50
5 11
42 15
25 33
54 15
1 6
71 48
14 22
72 21
54 55
33 39
35 46
30 19
26 35
79 32
29 79
28 2
2 20
8 13
22 27
15 74
47 66
46 73
56 6
34 57
39 6
55 59
1 37
32 33
25 28
47 75
56 64
57 71
47 7
75 20
24 32
73 17
9 10
79 20
3 3
35 63
78 12
70 5
55 20
59 79
46 57
64 8
27 38
26 60
6 11
1 44
32 39
51 11
33 11
55 2
77 19
69 11
79 10
78 23
35 64
26 7
40 59
6 15
44 5
30 31
24 41
62 69
72 31
62 14
48 52
36 51
43 18
16 19
5 20
64 65
79 79
29 31
40 42
2 8
76 26
52 23
57 75
62 80
28 39
59 7
55 75
41 2
42 61
56 66
80 7
50 5
32 1
28 47
25 40
39 23
33 68
4 23
61 2
46 17
51 23
42 75
18 22
39 55
49 2
64 80
44 66
45 9
3 18
65 3
48 61
68 3
44 72
28 58
35 49
36 73
67 75
3 41
25 79
34 68
49 3
70 19
73 20
37 7
38 17
47 1
47 18
33 50
41 48
63 77
42 56
52 67
44 2
66 12
6 21
33 34
65 35
65 1
59 59
13 9
16 18
13 4
54 64
25 69
35 43
4 64
35 45
27 32
11 45
45 76
35 68
75 18
38 38
53 57
53 18
63 7
61 64
80 4
59 21
42 3
61 18
33 70
37 14
25 23
8 16
36 71
38 60
25 58
68 77
71 1
34 67
48 69
47 63
47 55
59 17
61 17
52 62
15 21
45 73
25 78
62 5
25 55
7 19
44 70
6 9
28 53
34 3
47 49
67 23
50 57
20 55
45 6
74 79
1 37
31 54
65 75
32 59
50 72
29 78
72 79
26 56
65 17
67 72
76 2
28 62
50 69
33 23
51 52
42 28
31 43
28 73
65 70
14 22
60 60
52 79
76 4
39 72
26 19
58 67
3 36
31 80
25 12
26 54
44 71
29 69
48 80
32 20
42 22
64 68
31 35
78 14
27 21
60 20
59 21
30 60
27 76
61 68
50 56
75 47
35 58
43 19
30 49
41 60
14 18
69 74
74 78
77 22
43 67
60 69
43 53
74 20
71 8
69 5
50 13
40 69
12 19
59 70
53 78
47 56
40 73
54 68
35 56
66 16
1 7
80 30
50 54
33 77
21 21
2 11
49 37
37 22
30 68
65 7
70 76
27 33
37 57
24 28
13 76
55 13
41 15
49 73
29 15
46 69
31 53
54 22
38 75
69 15
40 64
37 56
33 45
7 9
69 72
8 52
13 14
46 32
34 58
45 57
50 52
11 14
50 61
66 6
28 36
29 63
28 52
32 71
64 70
77 15
48 63
5 18
64 5
44 48
61 32
49 52
56 56
75 4
56 10
52 10
25 54
53 5
47 73
36 16
31 48
54 62
9 38
36 18
25 70
49 58
52 31
78 10
32 55
54 75
45 73
9 18
53 23
57 5
45 15
50 8
65 14
63 10
35 66
56 80
34 18
30 79
36 56
57 74
31 45
35 67
30 77
26 20
57 7
31 76
34 34
47 1
79 9
30 80
31 52
15 22
67 29
62 6
80 1
72 7
51 20
67 22
28 4
39 43
57 2
55 9
61 1
56 3
52 6
41 57
63 70
58 78
75 5
56 57
72 3
71 74
58 71
63 71
52 20
36 48
35 53
55 16
51 17
79 6
47 32
27 39
37 19
39 14
47 67
62 62
44 74
42 13
24 63
47 23
63 65
51 71
3 7
25 51
37 63
39 42
15 47
34 73
39 46
22 40
79 8
79 79
12 17
75 14
30 58
39 55
27 1
53 79
30 18
46 13
67 11
43 74
62 22
30 52
31 37
1 27
33 8
68 69
47 55
44 19
49 68
29 57
60 64
18 75
26 12
34 62
29 11
48 12
36 20
26 71
75 17
60 3
54 72
70 9
64 16
77 10
78 9
54 11
65 8
44 7
8 18
31 66
25 66
55 68
30 4
56 68
39 71
33 20
32 14
36 15
57 2
39 63
48 5
40 18
35 6
46 75
49 66
71 11
35 65
55 18
29 48
29 2
48 21
17 20
72 13
54 71
34 14
64 66
8 62
54 10
30 53
58 71
73 79
55 42
38 50
34 23
53 80
73 15
79 20
66 76
56 11
24 67
53 8
75 13
1 10
4 13
63 1
31 65
26 2
57 15
62 79
12 12
14 66
64 75
29 53
68 23
35 9
61 76
45 7
69 71
24 76
30 42
52 52
25 80
69 6
63 68
80 11
73 22
37 74
9 22
9 34
76 17
73 23
62 23
33 46
33 51
32 62
51 21
48 65
34 48
52 60
10 35
58 5
25 28
21 27
31 38
73 43
75 19
35 15
48 53
65 66
23 30
10 35
69 4
31 74
66 4
36 7
58 15
56 61
43 77
31 8
38 77
25 35
48 19
61 6
57 57
36 56
43 79
35 12
33 35
78 9
9 42
76 16
42 52
65 7
41 70
45 65
5 13
76 62
28 12
70 70
49 5
6 13
4 7
10 27
42 73
58 80
49 71
36 74
25 67
73 6
24 34
30 10
29 61
36 75
60 13
52 76
47 53
9 22
50 12
45 2
44 65
42 12
10 15
22 40
7 18
46 60
62 1
60 77
77 80
8 20
58 70
34 12
3 4
74 46
38 2
62 16
46 5
26 80
24 13
40 21
37 53
38 57
25 3
15 17
51 74
36 60
30 13
56 69
43 12
77 12
33 48
34 78
36 21
28 20
72 76
12 14
19 70
39 45
5 44
41 61
24 75
47 8
71 76
22 52
42 8
60 4
46 7
53 18
4 14
41 72
55 78
37 13
61 13
43 62
55 67
28 65
70 15
61 79
1 18
74 78
43 8
39 75
25 47
58 20
36 66
13 17
47 78
41 6
76 7
44 73
27 11
76 12
67 5
49 13
51 12
34 72
30 21
67 23
13 19
32 66
39 60
49 20
76 5
15 24
11 25
11 22
69 38
33 79
63 5
65 72
20 25
45 7
54 78
37 73
33 18
77 9
24 29
6 6
58 5
57 9
50 19
78 5
20 66
46 21
47 4
26 40
44 23
57 61
71 21
28 57
25 73
27 55
32 42
59 61
22 75
60 1
43 72
59 16
56 77
73 4
28 41
40 42
58 80
30 54
29 32
24 77
57 62
10 38
26 14
67 68
18 21
12 42
55 7
32 17
40 15
40 76
35 37
15 37
30 37
12 47
77 20
64 72
44 45
69 31
49 67
50 61
31 33
61 72
51 4
66 74
34 49
59 72
49 11
48 68
32 41
34 55
46 9
73 80
50 7
16 20
44 78
43 3
69 73
49 26
69 10
55 58
33 79
34 53
51 8
3 12
75 11
59 71
36 13
26 76
48 9
24 35
41 58
47 22
37 61
63 80
68 4
79 12
62 65
1 16
31 58
30 74
72 5
41 54
5 10
62 36
34 52
11 23
45 19
26 77
32 66
37 49
72 78
66 1
29 3
27 68
43 10
41 65
25 71
53 59
73 11
20 23
2 23
30 44
40 79
33 19
51 76
58 61
69 22
36 70
77 22
44 50
35 44
53 15
24 70
51 63
79 14
76 20
44 16
24 36
75 8
72 77
26 37
45 20
44 75
61 21
28 77
74 2
23 43
43 70
45 5
56 79
37 50
73 78
16 64
41 55
49 70
72 16
72 6
30 32
2 30
70 16
7 21
7 14
54 70
79 23
2 14
48 15
62 4
36 78
40 45
24 53
16 23
70 2
30 62
52 17
42 79
44 8
26 74
34 16
39 49
58 13
57 80
78 13
48 17
73 73
36 48
29 70
78 14
45 56
24 40
46 12
65 68
3 49
68 9
29 80
39 74
27 52
67 16
24 24
44 74
53 71
52 69
52 15
29 7
48 57
76 21
1 14
57 17
66 14
3 11
69 46
29 62
29 21
31 34
11 20
59 60
60 22
32 73
35 77
38 46
79 5
76 7
57 20
41 14
26 10
32 22
10 11
5 32
50 79
15 18
74 31
39 44
44 63
51 6
24 12
65 9
30 15
24 39
30 69
49 7
41 11
46 15
27 64
26 17
50 75
65 12
8 17
28 60
8 8
42 1
37 15
11 11
39 69
56 56
34 56
30 75
47 70
36 17
27 69
35 61
25 74
47 3
41 22
37 78
41 17
38 49
25 26
62 1
60 22
27 9
57 10
28 29
12 42
77 79
26 4
72 73
45 3
58 73
79 19
38 7
71 1
59 6
34 61
44 78
50 74
25 37
7 22
28 49
48 56
38 18
78 15
27 31
27 42
24 6
27 29
16 19
63 72
44 14
30 3
61 16
35 72
60 18
44 17
32 37
49 65
76 22
34 4
32 43
48 13
43 2
34 5
28 44
5 16
67 7
60 76
56 74
41 4
31 67
45 68
79 3
53 48
66 21
40 47
33 65
50 51
11 26
39 22
68 76
78 27
18 23
2 69
26 57
46 46
39 75
31 50
64 18
15 16
71 29
19 22
23 24
44 63
56 5
40 68
32 13
51 16
29 33
29 30
49 38
44 58
2 23
62 10
44 11
69 69
23 75
32 15
54 8
61 23
53 62
51 65
56 72
39 79
48 49
15 34
29 6
2 8
56 28
27 56
31 32
30 53
58 16
55 12
24 46
25 31
54 6
67 12
65 5
63 12
41 42
65 10
48 50
11 11
37 40
68 69
67 75
43 60
27 75
50 14
4 4
41 1
60 61
68 10
37 68
26 27
64 78
43 75
53 66
25 76
52 54
52 61
55 5
32 53
36 54
67 2
27 6
4 19
68 17
80 8
43 63
26 70
66 67
72 26
3 16
55 8
64 10
27 35
37 51
32 45
37 58
49 78
27 61
9 14
9 48
59 64
78 58
39 16
34 51
33 2
30 39
33 77
43 57
74 22
50 10
8 9
39 39
59 4
61 77
24 5
77 21
40 63
74 16
58 69
48 1
26 16
33 10
74 80
7 60
47 77
43 66
64 78
71 23
27 15
24 58
68 79
30 12
39 17
32 46
33 4
46 74
14 20
58 18
41 8
58 76
58 14
60 68
29 60
44 49
62 35
41 10
61 72
27 8
46 2
63 6
24 18
34 74
56 4
36 51
8 12
39 59
39 13
29 4
52 13
38 51
36 12
79 21
58 77
50 77
78 2
71 80
69 29
34 75
32 35
31 47
62 63
20 27
47 18
48 71
29 14
37 42
28 73
35 59
35 46
47 8
29 63
6 22
63 19
42 68
40 16
31 2
28 64
8 22
67 78
61 12
31 11
75 78
57 64
74 23
75 75
63 66
65 28
67 14
42 59
70 74
31 37
64 72
6 23
39 78
44 57
30 59
72 72
70 2
40 56
51 3
37 12
41 41
43 50
33 37
16 43
44 18
9 19
9 29
35 17
78 8
58 63
9 67
31 46
40 10
35 50
56 17
41 52
75 6
68 12
45 59
69 74
71 4
37 23
54 7
64 76
51 2
26 33
56 70
42 18
20 22
19 2
3 19
37 60
62 64
77 10
32 44
63 23
34 22
63 67
69 11
33 71
54 16
63 9
29 29
36 63
27 28
72 78
9 70
56 9
61 12
48 60
38 16
64 74
47 64
49 16
76 2
36 51
47 78
34 20
28 33
48 13
32 76
46 22
28 3
14 17
5 39
33 1
68 14
36 62
36 49
41 53
29 71
44 79
50 7
45 71
46 65
70 1
71 18
37 57
49 6
42 55
42 6
80 22
28 68
41 44
55 36
46 55
42 50
48 60
4 7
7 34
50 22
33 16
68 2
64 71
43 20
50 80
53 77
67 18
51 70
68 6
36 67
59 12
65 21
29 38
51 68
68 11
59 78
11 18
24 52
68 75
70 68
73 12
38 69
33 17
64 22
19 21
27 62
26 65
50 15
53 55
39 56
42 44
44 77
43 69
65 79
61 74
4 8
51 67
56 16
64 73
56 18
27 46
34 63
19 23
69 3
78 21
59 66
18 65
27 30
42 52
46 23
1 15
44 59
16 22
51 35
6 6
25 80
28 17
3 5
17 46
39 53
4 20
56 19
50 64
70 75
74 38
47 59
41 63
40 3
52 9
24 23
43 6
37 8
61 71
25 57
59 80
73 13
25 30
30 32
11 48
69 19
39 21
80 9
52 66
72 15
48 64
61 69
55 10
31 4
24 2
8 15
63 22
34 64
43 55
42 7
51 51
48 48
9 76
47 57
57 1
24 41
28 5
49 54
76 23
37 46
46 22
41 59
74 76
16 62
11 17
31 35
19 77
32 48
33 57
76 76
11 13
45 79
62 7
42 46
70 76
10 40
56 71
32 8
30 9
24 16
40 8
52 77
10 10
37 80
12 13
48 20
77 77
41 53
2 12
58 75
43 1
77 18
30 38
6 21
43 65
26 29
49 33
2 11
41 71
31 78
26 6
50 50
15 40
75 80
60 4
65 23
42 48
19 19
28 54
73 19
41 18
3 21
59 68
32 10
52 78
65 69
2 14
53 70
59 1
64 21
47 5
54 1
37 6
59 9
30 66
47 52
12 39
57 13
46 56
57 58
53 12
53 16
60 63
48 73
53 7
68 20
65 2
37 80
24 30
75 34
28 46
5 21
9 13
18 23
31 44
11 19
46 53
12 76
75 77
54 5
67 9
8 21
59 5
51 74
37 16
51 77
71 80
42 71
30 50
64 3
49 10
28 13
6 20
1 3
2 6
76 4
15 31
30 35
17 51
37 11
34 70
42 49
4 11
51 77
29 19
34 45
57 59
5 7
21 63
31 19
38 14
55 10
56 21
52 16
28 10
12 20
55 65
18 39
72 7
32 64
48 59
55 11
35 35
19 61
40 6
40 50
49 64
66 10
47 16
24 33
66 70
65 68
1 6
12 39
31 49
61 20
15 20
25 43
73 7
65 16
24 48
39 9
28 80
46 70
57 72
80 3
54 47
46 59
26 18
27 13
39 8
25 44
41 19
30 1
38 20
79 15
8 10
33 68
38 22
27 32
34 76
80 17
35 52
57 19
25 16
40 71
55 74
26 49
36 64
46 3
79 13
35 71
27 57
39 76
69 72
69 12
31 68
31 62
26 45
51 57
60 78
37 3
38 55
28 62
29 40
46 54
65 13
45 46
63 75
11 16
60 12
34 60
37 17
27 18
25 64
38 8
14 23
60 75
42 20
62 66
43 43
16 43
75 76
6 45
2 7
36 63
24 66
71 19
26 21
42 2
31 64
46 53
49 70
37 79
10 22
3 37
58 19
34 47
44 68
76 3
41 52
49 57
13 23
9 15
80 5
22 58
61 66
17 8
43 61
7 13
66 39
31 39
28 76
43 7
68 72
58 67
34 44
36 19
36 52
25 17
37 48
58 10
45 61
55 22
35 70
10 19
25 39
2 19
44 77
5 23
35 22
43 77
32 63
65 22
50 58
8 26
54 66
57 79
38 48
56 63
31 1
61 70
58 3
25 51
38 65
25 9
36 3
25 15
59 18
35 41
15 22
27 62
28 75
66 1
53 17
30 2
32 40
39 52
43 44
70 2
52 68
45 12
46 47
43 23
36 72
38 11
47 48
61 73
56 14
12 14
8 33
52 63
25 46
60 12
24 21
66 72
6 10
52 73
42 15
27 70
50 53
45 47
61 9
51 19
62 19
79 1
4 15
49 75
46 76
43 73
36 58
72 14
25 59
57 14
8 19
80 12
74 13
6 7
52 7
42 4
30 78
25 6
25 5
55 3
60 16
65 73
21 35
48 67
52 71
67 73
24 69
38 68
32 18
26 30
48 72
54 70
30 43
59 11
56 15
35 2
32 51
69 78
71 27
24 79
35 44
71 64
24 74
36 10
57 60
31 32
49 26
40 44
30 72
33 5
25 68
26 59
30 63
24 44
39 70
43 16
61 8
37 65
34 44
52 68
41 1
36 77
24 49
68 73
17 42
13 15
54 56
24 71
50 23
47 47
52 2
35 55
38 4
61 7
62 13
59 8
44 51
66 39
51 22
22 23
40 40
41 70
46 50
42 25
26 22
71 4
31 44
29 72
71 15
55 4
43 80
66 23
52 11
10 12
31 33
13 74
36 11
25 42
29 5
31 60
31 13
72 1
80 18
31 71
59 22
27 43
34 80
37 38
60 28
3 13
66 71
43 64
76 1
59 71
28 54
25 80
24 52
59 14
26 66
67 76
16 67
25 8
25 75
65 76
44 52
6 56
57 22
29 43
2 5
56 40
45 8
66 11
60 15
54 73
65 66
24 45
76 78
7 4
39 72
2 6
30 75
51 68
57 76
12 23
54 18
59 15
53 10
63 21
39 7
52 72
40 61
37 72
25 39
5 17
62 74
27 2
66 7
16 21
79 14
80 21
60 73
32 36
26 17
38 5
67 1
50 71
32 7
31 56
53 23
28 56
46 62
53 4
53 2
44 19
30 46
25 7
26 15
33 47
44 20
62 2
53 3
58 6
39 5
30 36
27 37
64 4
75 10
41 47
2 50
69 18
51 80
55 80
52 80
70 13
39 62
34 19
61 80
32 56
27 51
38 63
39 41
5 57
70 23
54 17
30 6
63 76
57 8
58 59
76 80
23 33
54 60
66 69
75 44
29 30
75 75
56 66
60 66
76 14
29 8
69 70
46 29
29 45
64 23
50 76
35 4
47 80
45 51
67 27
27 45
68 71
76 40
48 72
29 9
25 52
35 10
79 18
44 44
62 73
27 66
31 33
23 38
78 16
31 14
57 59
17 52
35 38
60 28
1 12
50 70
43 23
59 69
65 71
18 19
55 63
48 57
59 7
53 6
48 4
42 23
42 72
58 18
65 74
51 66
44 62
71 72
44 44
24 56
43 78
79 16
39 39
73 79
67 10
30 8
56 78
33 63
43 45
25 35
61 44
6 16
25 49
34 2
72 10
53 58
73 1
54 54
60 67
12 40
38 79
72 13
70 10
33 61
29 39
41 13
43 58
24 80
39 40
50 3
11 13
16 19
2 41
42 21
47 6
45 78
28 32
9 23
51 73
32 52
10 14
52 79
32 23
34 9
50 9
53 53
24 72
72 18
77 1
69 41
47 61
33 41
15 26
71 10
35 23
78 17
59 3
52 4
27 47
30 22
35 76
76 6
76 5
27 72
39 77
28 66
36 6
29 22
74 4
7 20
43 15
29 58
42 74
55 73
34 40
66 73
62 68
28 45
25 34
77 17
38 47
26 26
17 67
17 19
32 77
79 7
43 14
71 17
24 72
45 77
65 20
56 76
36 79
72 4
45 23
62 15
49 60
80 80
24 44
48 77
33 15
24 69
32 49
45 62
32 11
52 12
58 4
61 3
55 71
69 12
1 23
39 11
47 79
49 51
9 16
26 35
48 14
50 59
80 36
49 12
35 11
40 60
33 44
55 77
39 20
60 6
67 79
57 6
34 66
40 4
48 58
42 5
30 17
26 43
53 19
50 67
36 46
63 64
35 35
65 78
45 63
47 74
63 16
36 8
28 79
24 77
32 80
55 77
29 10
27 41
70 71
60 29
3 6
56 23
24 64
31 77
6 18
33 9
42 53
67 40
80 6
50 80
45 48
42 65
36 68
70 80
62 72
39 51
26 39
70 78
66 75
41 68
78 80
4 6
9 35
35 20
42 66
45 3
57 68
28 71
25 48
51 78
27 36
21 38
40 19
4 21
26 58
53 9
32 3
34 21
40 1
24 73
68 18
71 12
45 45
16 41
57 4
66 22
35 75
44 12
49 50
45 18
64 9
35 39
46 71
68 70
49 65
29 66
2 3
66 14
53 12
36 65
74 1
59 62
58 24
74 8
61 19
7 11
54 21
26 47
59 70
67 80
53 74
33 76
2 17
31 42
42 65
39 4
44 61
34 79
8 20
34 50
40 46
15 44
52 55
80 21
24 26
18 35
44 3
57 3
68 7
6 10
27 74
65 19
67 4
38 58
1 8
41 74
28 61
24 17
6 14
72 1
27 76
71 22
66 3
69 3
26 72
24 14
69 76
58 61
74 49
26 32
26 38
29 76
51 65
35 74
33 22
65 11
63 77
45 50
55 67
57 73
48 66
5 6
5 31
18 19
19 39
28 59
31 36
1 9
50 73
25 2
10 23
42 16
54 9
54 2
45 10
25 65
73 76
63 64
55 12
68 16
1 11
13 23
70 12
27 60
41 76
28 70
63 3
39 19
58 74
67 6
55 61
21 63
28 8
51 13
54 19
43 47
31 42
70 8
44 21
38 80
8 14
53 59
38 40
21 31
49 22
60 70
49 22
43 50
14 33
27 79
24 3
40 70
26 23
45 47
40 53
37 76
41 46
5 22
