100 5050
nlcbxexewnhrupscbhzifqtyfekwsddnissokyyrlijkmdyyoh
bayscjmdieluhyszlklsgfqhdhwsdrnkxzyplzurndlkifanru
lbnffdwcagctrcrfxsyhqcwhwpvvblrjzxxuyjuzofsbnfeqae
oryodomeicuprtovavckmheqlteiniselzjpnsqpvxiasgndrc
zmlagdzaxulnvaizzwrclmdcjrntgfbcnrlpwvvvrjhyybiwzp
nlcbxexewnhrupscbhzifqtyfekwsddnissokyyrlijkmdyyoh
lbnffdwcagctrcrfxsyhqcwhwpvvblrjzxxuyjuzofsbnfeqae
zmlagdzaxulnvaizzwrclmdcjrntgfbcnrlpwvvvrjhyybiwzp
oryodomeicuprtovavckmheqlteiniselzjpnsqpvxiasgndrc
bayscjmdieluhyszlklsgfqhdhwsdrnkxzyplzurndlkifanru
oryodomeicuprtovavckmheqlteiniselzjpnsqpvxiasgndrc
nlcbxexewnhrupscbhzifqtyfekwsddnissokyyrlijkmdyyoh
bayscjmdieluhyszlklsgfqhdhwsdrnkxzyplzurndlkifanru
zmlagdzaxulnvaizzwrclmdcjrntgfbcnrlpwvvvrjhyybiwzp
lbnffdwcagctrcrfxsyhqcwhwpvvblrjzxxuyjuzofsbnfeqae
nlcbxexewnhrupscbhzifqtyfekwsddnissokyyrlijkmdyyoh
bayscjmdieluhyszlklsgfqhdhwsdrnkxzyplzurndlkifanru
zmlagdzaxulnvaizzwrclmdcjrntgfbcnrlpwvvvrjhyybiwzp
oryodomeicuprtovavckmheqlteiniselzjpnsqpvxiasgndrc
lbnffdwcagctrcrfxsyhqcwhwpvvblrjzxxuyjuzofsbnfeqae
bayscjmdieluhyszlklsgfqhdhwsdrnkxzyplzurndlkifanru
nlcbxexewnhrupscbhzifqtyfekwsddnissokyyrlijkmdyyoh
zmlagdzaxulnvaizzwrclmdcjrntgfbcnrlpwvvvrjhyybiwzp
lbnffdwcagctrcrfxsyhqcwhwpvvblrjzxxuyjuzofsbnfeqae
oryodomeicuprtovavckmheqlteiniselzjpnsqpvxiasgndrc
oryodomeicuprtovavckmheqlteiniselzjpnsqpvxiasgndrc
bayscjmdieluhyszlklsgfqhdhwsdrnkxzyplzurndlkifanru
zmlagdzaxulnvaizzwrclmdcjrntgfbcnrlpwvvvrjhyybiwzp
nlcbxexewnhrupscbhzifqtyfekwsddnissokyyrlijkmdyyoh
lbnffdwcagctrcrfxsyhqcwhwpvvblrjzxxuyjuzofsbnfeqae
nlcbxexewnhrupscbhzifqtyfekwsddnissokyyrlijkmdyyoh
oryodomeicuprtovavckmheqlteiniselzjpnsqpvxiasgndrc
bayscjmdieluhyszlklsgfqhdhwsdrnkxzyplzurndlkifanru
zmlagdzaxulnvaizzwrclmdcjrntgfbcnrlpwvvvrjhyybiwzp
lbnffdwcagctrcrfxsyhqcwhwpvvblrjzxxuyjuzofsbnfeqae
oryodomeicuprtovavckmheqlteiniselzjpnsqpvxiasgndrc
lbnffdwcagctrcrfxsyhqcwhwpvvblrjzxxuyjuzofsbnfeqae
zmlagdzaxulnvaizzwrclmdcjrntgfbcnrlpwvvvrjhyybiwzp
nlcbxexewnhrupscbhzifqtyfekwsddnissokyyrlijkmdyyoh
bayscjmdieluhyszlklsgfqhdhwsdrnkxzyplzurndlkifanru
bayscjmdieluhyszlklsgfqhdhwsdrnkxzyplzurndlkifanru
zmlagdzaxulnvaizzwrclmdcjrntgfbcnrlpwvvvrjhyybiwzp
nlcbxexewnhrupscbhzifqtyfekwsddnissokyyrlijkmdyyoh
lbnffdwcagctrcrfxsyhqcwhwpvvblrjzxxuyjuzofsbnfeqae
oryodomeicuprtovavckmheqlteiniselzjpnsqpvxiasgndrc
bayscjmdieluhyszlklsgfqhdhwsdrnkxzyplzurndlkifanru
nlcbxexewnhrupscbhzifqtyfekwsddnissokyyrlijkmdyyoh
lbnffdwcagctrcrfxsyhqcwhwpvvblrjzxxuyjuzofsbnfeqae
oryodomeicuprtovavckmheqlteiniselzjpnsqpvxiasgndrc
zmlagdzaxulnvaizzwrclmdcjrntgfbcnrlpwvvvrjhyybiwzp
zmlagdzaxulnvaizzwrclmdcjrntgfbcnrlpwvvvrjhyybiwzp
oryodomeicuprtovavckmheqlteiniselzjpnsqpvxiasgndrc
lbnffdwcagctrcrfxsyhqcwhwpvvblrjzxxuyjuzofsbnfeqae
nlcbxexewnhrupscbhzifqtyfekwsddnissokyyrlijkmdyyoh
bayscjmdieluhyszlklsgfqhdhwsdrnkxzyplzurndlkifanru
zmlagdzaxulnvaizzwrclmdcjrntgfbcnrlpwvvvrjhyybiwzp
nlcbxexewnhrupscbhzifqtyfekwsddnissokyyrlijkmdyyoh
bayscjmdieluhyszlklsgfqhdhwsdrnkxzyplzurndlkifanru
lbnffdwcagctrcrfxsyhqcwhwpvvblrjzxxuyjuzofsbnfeqae
oryodomeicuprtovavckmheqlteiniselzjpnsqpvxiasgndrc
zmlagdzaxulnvaizzwrclmdcjrntgfbcnrlpwvvvrjhyybiwzp
nlcbxexewnhrupscbhzifqtyfekwsddnissokyyrlijkmdyyoh
bayscjmdieluhyszlklsgfqhdhwsdrnkxzyplzurndlkifanru
lbnffdwcagctrcrfxsyhqcwhwpvvblrjzxxuyjuzofsbnfeqae
oryodomeicuprtovavckmheqlteiniselzjpnsqpvxiasgndrc
bayscjmdieluhyszlklsgfqhdhwsdrnkxzyplzurndlkifanru
lbnffdwcagctrcrfxsyhqcwhwpvvblrjzxxuyjuzofsbnfeqae
nlcbxexewnhrupscbhzifqtyfekwsddnissokyyrlijkmdyyoh
zmlagdzaxulnvaizzwrclmdcjrntgfbcnrlpwvvvrjhyybiwzp
oryodomeicuprtovavckmheqlteiniselzjpnsqpvxiasgndrc
nlcbxexewnhrupscbhzifqtyfekwsddnissokyyrlijkmdyyoh
oryodomeicuprtovavckmheqlteiniselzjpnsqpvxiasgndrc
lbnffdwcagctrcrfxsyhqcwhwpvvblrjzxxuyjuzofsbnfeqae
bayscjmdieluhyszlklsgfqhdhwsdrnkxzyplzurndlkifanru
zmlagdzaxulnvaizzwrclmdcjrntgfbcnrlpwvvvrjhyybiwzp
oryodomeicuprtovavckmheqlteiniselzjpnsqpvxiasgndrc
zmlagdzaxulnvaizzwrclmdcjrntgfbcnrlpwvvvrjhyybiwzp
bayscjmdieluhyszlklsgfqhdhwsdrnkxzyplzurndlkifanru
lbnffdwcagctrcrfxsyhqcwhwpvvblrjzxxuyjuzofsbnfeqae
nlcbxexewnhrupscbhzifqtyfekwsddnissokyyrlijkmdyyoh
nlcbxexewnhrupscbhzifqtyfekwsddnissokyyrlijkmdyyoh
lbnffdwcagctrcrfxsyhqcwhwpvvblrjzxxuyjuzofsbnfeqae
oryodomeicuprtovavckmheqlteiniselzjpnsqpvxiasgndrc
bayscjmdieluhyszlklsgfqhdhwsdrnkxzyplzurndlkifanru
zmlagdzaxulnvaizzwrclmdcjrntgfbcnrlpwvvvrjhyybiwzp
oryodomeicuprtovavckmheqlteiniselzjpnsqpvxiasgndrc
lbnffdwcagctrcrfxsyhqcwhwpvvblrjzxxuyjuzofsbnfeqae
nlcbxexewnhrupscbhzifqtyfekwsddnissokyyrlijkmdyyoh
bayscjmdieluhyszlklsgfqhdhwsdrnkxzyplzurndlkifanru
zmlagdzaxulnvaizzwrclmdcjrntgfbcnrlpwvvvrjhyybiwzp
bayscjmdieluhyszlklsgfqhdhwsdrnkxzyplzurndlkifanru
zmlagdzaxulnvaizzwrclmdcjrntgfbcnrlpwvvvrjhyybiwzp
lbnffdwcagctrcrfxsyhqcwhwpvvblrjzxxuyjuzofsbnfeqae
nlcbxexewnhrupscbhzifqtyfekwsddnissokyyrlijkmdyyoh
oryodomeicuprtovavckmheqlteiniselzjpnsqpvxiasgndrc
lbnffdwcagctrcrfxsyhqcwhwpvvblrjzxxuyjuzofsbnfeqae
zmlagdzaxulnvaizzwrclmdcjrntgfbcnrlpwvvvrjhyybiwzp
oryodomeicuprtovavckmheqlteiniselzjpnsqpvxiasgndrc
bayscjmdieluhyszlklsgfqhdhwsdrnkxzyplzurndlkifanru
nlcbxexewnhrupscbhzifqtyfekwsddnissokyyrlijkmdyyoh
60 82
20 96
68 96
43 93
35 42
13 43
74 90
16 84
20 73
1 43
40 55
37 88
8 90
3 64
34 75
33 48
70 85
85 95
8 93
26 41
50 74
3 87
38 94
7 89
74 88
59 78
41 95
29 77
60 70
70 96
8 21
31 97
28 73
51 69
17 25
17 36
76 84
18 71
16 24
50 64
10 32
62 90
8 11
42 79
5 86
52 60
89 92
60 5
65 72
80 94
83 88
12 41
11 34
11 14
22 82
73 88
22 43
23 35
21 57
31 83
21 90
54 63
87 91
37 46
25 92
35 62
55 61
57 91
42 96
44 96
66 89
66 84
16 37
50 83
45 58
12 91
18 52
10 23
51 81
60 90
67 87
1 12
8 14
56 92
4 5
47 2
15 71
16 53
8 42
64 86
57 64
45 98
7 7
5 8
40 63
55 76
4 75
62 62
93 27
2 30
12 46
64 77
91 94
39 92
56 77
35 86
76 76
92 96
28 63
35 73
54 67
22 91
99 92
68 84
39 60
76 82
10 45
14 33
37 98
26 56
29 86
3 59
37 45
22 55
10 65
19 41
51 84
2 81
37 66
1 75
39 74
5 15
33 70
5 73
100 36
73 78
61 84
49 82
2 41
17 42
13 25
15 21
16 68
40 62
28 72
1 82
2 25
58 89
6 6
8 47
27 65
11 56
1 19
39 53
9 87
56 64
100 39
10 85
1 96
71 94
23 83
24 75
46 46
91 96
50 77
93 97
26 94
59 59
88 89
74 15
89 95
59 94
28 40
21 28
10 26
37 67
9 74
2 64
63 75
84 93
2 48
35 61
40 98
26 57
60 71
9 79
10 90
18 67
32 96
69 77
28 33
45 79
34 40
17 68
75 96
40 96
23 30
48 85
86 97
37 49
53 79
64 88
85 92
19 31
3 74
19 72
5 81
18 84
100 82
30 67
22 46
99 65
4 39
33 94
60 88
27 93
86 95
21 62
1 4
40 43
42 93
36 51
12 93
53 93
86 98
31 98
5 96
12 50
2 77
30 48
100 28
38 95
3 67
54 96
12 57
81 94
3 46
3 32
52 71
73 84
22 92
45 97
7 74
21 51
71 74
89 89
97 34
1 35
64 83
16 94
7 54
24 76
5 26
6 37
29 50
46 58
70 79
17 55
44 64
66 93
65 98
100 67
100 52
16 64
15 96
71 77
36 38
70 93
69 72
63 87
9 56
31 72
26 91
21 32
31 38
40 68
99 80
33 93
42 49
72 89
41 76
34 68
44 45
44 81
22 73
14 46
2 80
2 36
27 75
19 65
34 97
16 48
16 26
40 56
2 88
40 54
57 74
84 85
40 54
100 42
38 62
13 66
57 79
49 73
11 60
25 40
4 8
41 81
26 29
23 47
50 78
55 87
62 80
37 63
4 36
28 45
11 77
4 83
36 42
34 37
76 77
55 98
68 72
30 5
12 39
22 96
100 29
47 65
60 92
18 75
78 86
76 80
10 10
90 28
26 34
25 38
1 26
44 81
39 72
71 90
32 72
21 43
49 86
53 73
36 93
29 58
22 87
15 47
50 81
100 18
76 87
16 69
18 47
10 72
52 83
6 72
8 23
46 48
44 96
22 68
72 98
69 92
15 33
54 88
3 54
18 50
73 83
88 91
57 88
38 74
1 85
46 60
12 38
52 92
44 83
2 20
48 80
13 74
9 72
22 23
87 4
59 82
73 81
100 9
79 81
38 47
23 45
42 97
44 59
65 89
42 65
65 90
40 65
100 71
71 73
34 51
26 26
37 54
51 68
100 54
40 89
67 71
26 94
58 58
87 16
15 77
24 27
82 6
13 63
51 66
10 59
27 69
81 87
25 49
27 91
50 56
72 88
31 39
47 92
15 81
20 74
25 90
70 76
28 61
30 76
61 86
76 96
15 95
3 62
68 87
70 83
34 41
99 42
60 91
40 78
46 73
67 96
87 90
63 88
3 49
76 89
50 50
68 98
29 48
32 37
48 75
45 53
65 95
4 54
55 73
95 95
56 80
14 67
1 95
44 87
6 77
41 41
36 55
68 79
99 70
32 66
1 83
49 92
43 71
24 47
29 66
67 70
36 47
3 41
52 67
13 35
59 67
22 76
35 94
75 92
27 43
63 63
9 12
51 94
82 84
20 8
48 57
95 98
51 95
35 72
99 5
75 89
54 87
37 74
19 74
99 82
12 25
18 73
1 25
29 62
50 89
44 97
14 20
22 42
25 55
23 29
43 90
80 89
2 98
24 67
12 95
28 68
57 80
11 90
30 55
25 52
87 87
58 23
41 80
4 70
37 80
22 53
12 61
9 88
37 56
41 82
30 71
54 92
1 11
12 64
50 54
53 54
69 97
9 69
3 52
59 91
81 90
57 58
57 88
13 88
17 30
5 52
2 54
12 75
1 71
6 61
72 84
59 66
53 86
11 68
8 49
23 61
3 93
2 83
7 79
49 54
56 76
14 40
1 98
70 74
53 91
59 88
15 60
90 94
60 89
22 57
17 86
54 97
75 97
27 35
13 15
82 93
11 20
27 73
10 91
77 77
70 5
64 97
18 72
62 93
51 62
15 57
43 65
6 62
59 60
53 20
64 95
61 83
23 79
9 95
86 87
49 29
18 88
57 75
28 90
35 79
9 48
13 41
76 90
84 88
74 97
27 36
46 90
16 74
72 94
63 74
34 46
5 13
24 93
75 80
23 81
47 87
1 34
8 73
71 91
68 88
14 80
94 97
50 73
59 84
30 97
99 87
39 58
7 84
25 70
1 78
30 96
33 33
15 28
33 82
70 75
39 43
46 75
11 93
36 82
56 83
19 98
54 94
16 27
3 38
76 97
20 76
47 76
2 82
14 68
48 81
45 80
4 49
9 66
26 79
11 88
26 66
54 69
18 24
50 90
12 23
73 98
52 69
99 36
43 62
56 62
20 26
4 20
16 63
21 55
3 3
76 9
24 28
2 74
7 33
34 82
68 89
42 64
45 49
15 18
83 91
9 47
61 64
63 94
41 45
36 6
15 45
44 89
25 58
21 53
76 86
13 65
53 82
54 70
65 68
15 65
3 44
26 52
17 65
9 36
23 85
44 95
13 21
34 76
43 67
23 25
45 19
40 74
21 29
62 96
15 26
76 77
69 76
40 95
10 16
65 100
14 95
25 81
28 82
5 6
78 84
10 77
41 68
44 82
61 92
74 91
21 30
36 41
76 82
37 93
17 43
34 64
37 52
12 87
32 91
40 76
69 90
46 84
38 71
43 78
64 69
100 69
53 91
91 93
22 4
25 56
37 81
37 84
6 57
44 56
8 94
3 33
16 21
99 17
22 54
72 73
41 28
42 45
16 97
58 67
56 57
41 4
31 54
52 62
77 89
59 72
11 54
24 97
9 41
8 10
86 96
54 72
45 95
4 65
25 45
46 54
58 78
27 44
78 97
32 73
37 95
13 44
1 59
52 87
49 78
5 83
28 59
35 54
47 74
76 88
5 85
30 36
25 65
14 21
1 91
10 87
38 45
13 26
5 29
35 65
53 67
92 94
66 87
32 77
25 83
62 72
13 32
9 70
43 98
34 65
4 78
99 96
36 64
18 31
58 72
22 60
2 66
47 84
11 73
61 95
11 45
34 86
13 98
36 60
1 24
67 83
29 93
19 91
77 80
46 9
35 68
58 75
5 49
25 66
24 98
63 87
43 95
7 29
28 75
74 81
16 89
30 68
27 61
24 29
65 94
21 96
31 53
10 66
25 37
37 85
50 97
47 90
4 64
27 86
6 70
12 65
17 96
18 39
20 79
40 88
21 85
22 35
20 65
68 91
26 64
9 93
39 55
44 79
53 75
22 44
17 28
100 44
49 65
1 72
38 92
1 14
24 41
31 48
42 95
97 98
73 28
32 94
22 85
29 34
49 55
4 87
30 33
29 65
18 82
40 94
37 83
8 32
29 30
67 16
38 68
3 82
78 92
37 96
49 68
49 77
33 87
79 94
4 12
3 95
16 35
15 46
5 79
14 65
99 76
31 36
13 45
54 61
8 89
21 58
33 38
68 71
98 100
33 63
52 86
39 50
30 45
40 61
38 47
8 13
1 3
31 71
42 69
6 11
42 2
1 76
20 48
22 45
87 92
66 93
35 46
26 42
36 63
30 82
60 97
29 78
56 94
53 63
40 85
19 29
33 96
47 72
80 95
47 96
47 85
15 56
26 92
54 83
38 96
32 54
48 70
58 82
6 33
45 90
46 82
27 46
33 61
11 82
23 66
84 97
100 43
48 91
20 77
6 89
14 38
2 52
15 64
80 88
58 61
28 93
30 38
25 43
63 85
26 86
34 66
35 66
15 44
36 37
47 19
42 53
3 63
8 95
20 53
12 58
23 34
31 42
16 36
46 56
30 83
69 89
2 24
5 56
32 38
19 86
42 73
26 28
77 77
74 98
27 30
30 4
35 78
43 47
13 71
24 40
45 88
87 97
54 55
63 20
33 37
14 20
25 75
41 56
81 82
96 7
82 83
5 32
80 85
60 75
54 98
3 28
25 31
24 94
59 73
35 48
43 64
10 35
16 28
31 58
80 81
65 76
6 19
3 35
48 67
79 92
41 44
87 4
29 73
40 79
30 35
12 20
56 96
31 78
1 84
24 91
31 91
23 84
20 30
53 65
38 57
24 37
77 78
59 64
72 93
21 71
52 98
24 89
37 97
2 94
8 33
23 65
67 90
36 61
25 89
66 85
50 87
11 24
100 10
41 51
28 93
8 28
44 91
14 30
28 43
42 77
70 71
99 23
21 25
70 84
40 45
8 52
8 91
53 74
22 93
19 88
29 36
54 81
53 92
61 76
1 41
4 81
31 35
54 72
92 93
59 67
31 76
19 77
65 66
88 11
42 87
19 53
12 81
70 84
60 63
27 58
23 57
59 92
17 84
17 56
31 60
24 69
8 60
33 78
4 38
28 80
13 91
21 37
57 68
48 48
62 92
12 48
47 66
11 79
99 48
78 88
7 35
30 77
1 42
34 35
44 27
26 87
89 89
87 37
14 87
46 66
52 54
29 40
82 91
61 91
70 78
48 97
29 61
99 41
2 93
62 98
42 57
53 68
42 70
96 96
71 100
27 29
85 12
14 91
8 82
99 31
56 78
57 63
15 29
2 33
27 38
35 91
5 97
52 88
14 28
7 11
55 55
8 40
63 88
17 80
41 71
52 56
30 31
32 48
6 96
1 52
71 88
10 56
7 69
8 35
34 53
49 87
26 77
44 70
47 61
50 75
42 44
73 6
69 81
10 11
96 32
1 46
35 43
60 98
91 97
55 89
32 74
2 8
7 39
38 59
7 70
49 51
21 13
33 97
21 67
48 53
61 87
1 27
43 76
47 56
6 8
83 11
49 93
12 43
6 95
9 62
33 59
49 62
64 71
16 31
4 55
100 68
63 79
58 69
11 92
100 73
14 37
33 56
2 7
44 86
19 83
26 27
39 61
34 80
38 97
61 69
49 58
47 53
18 83
29 88
7 41
50 92
33 74
64 94
53 60
8 26
9 51
20 71
82 98
1 94
43 63
19 70
67 93
8 84
49 88
34 90
45 46
63 87
25 85
99 100
42 86
62 95
26 98
19 19
60 78
60 89
68 93
1 51
36 97
72 85
6 78
26 48
31 71
20 59
100 50
12 90
99 11
37 94
76 91
100 37
50 65
2 65
21 68
12 92
3 20
2 91
13 19
24 80
16 96
52 96
31 75
7 63
14 52
37 70
1 49
30 81
33 60
32 36
87 91
49 69
55 81
38 76
16 20
25 80
20 51
99 19
9 16
31 67
23 90
39 48
17 85
17 29
67 67
59 68
22 66
89 91
31 72
13 54
19 71
79 90
42 88
12 28
6 66
77 79
48 6
24 87
72 82
39 39
63 69
53 5
21 73
28 83
3 22
5 72
40 64
33 57
46 86
13 69
27 48
18 92
51 94
18 62
5 91
34 62
7 86
68 97
43 49
20 56
8 34
15 75
30 61
20 54
100 61
49 97
76 95
10 94
18 59
59 64
83 84
78 23
53 96
4 50
46 72
10 78
71 75
30 41
7 73
57 92
10 95
44 72
50 63
29 38
52 61
16 32
91 98
55 68
29 87
17 35
76 92
31 85
12 27
9 50
27 87
30 41
40 53
63 86
20 85
55 74
66 73
25 54
27 53
23 67
22 83
38 63
57 73
17 83
41 42
46 69
50 59
2 79
55 69
4 69
18 76
8 61
100 95
72 83
43 50
15 62
42 84
74 98
20 97
35 87
52 57
51 68
85 94
24 45
27 27
24 43
14 42
38 89
67 89
54 89
18 86
32 52
17 39
42 62
17 97
26 49
3 68
13 64
40 66
64 74
29 85
11 35
32 84
99 28
19 67
61 74
2 63
15 59
27 89
34 37
3 35
86 90
94 13
54 91
16 29
1 31
82 90
88 97
26 53
20 57
2 61
41 55
36 92
3 97
46 80
99 27
44 71
24 54
3 86
20 70
35 89
17 95
8 47
53 83
17 60
15 63
8 58
63 73
20 66
35 44
61 94
27 50
45 94
37 37
97 40
15 69
75 82
30 49
57 67
79 89
81 85
26 81
8 87
68 83
77 84
40 69
13 87
35 57
78 81
80 99
43 84
12 69
6 34
71 89
12 30
39 67
10 46
100 15
4 98
13 61
6 43
35 64
77 95
11 25
71 95
8 9
58 79
25 77
36 68
13 13
27 30
12 100
10 68
3 12
60 79
67 77
45 77
31 66
21 38
4 10
5 19
6 36
48 66
38 61
2 56
63 78
58 64
54 74
99 39
18 35
60 69
9 27
18 64
81 88
14 92
14 71
45 84
14 41
62 66
23 65
10 13
36 87
49 79
66 87
100 30
31 94
14 22
47 71
18 40
10 34
10 43
51 93
47 95
11 44
13 17
8 67
12 78
27 90
48 50
50 72
50 57
8 59
7 31
2 44
8 78
50 69
25 86
74 92
70 70
3 11
45 56
99 69
46 71
4 25
64 84
63 80
7 43
1 67
100 92
11 72
31 96
44 73
100 2
81 89
11 55
4 61
99 51
8 43
1 20
29 82
6 31
35 59
7 65
20 55
24 35
1 10
3 48
51 89
14 96
39 51
66 75
2 6
48 53
4 43
80 86
56 69
28 65
95 97
58 80
17 66
57 81
19 34
7 51
99 30
63 71
3 70
28 77
34 95
38 64
25 46
57 90
33 95
4 82
46 55
99 79
41 73
43 55
73 89
48 96
52 75
53 81
10 70
30 79
63 70
63 68
26 93
23 54
29 65
24 36
23 64
18 54
7 77
59 93
54 62
62 76
52 74
99 61
61 70
39 71
29 90
29 94
81 84
66 76
30 31
44 2
9 12
20 30
62 94
32 50
3 60
17 59
12 36
57 70
5 27
18 55
17 51
60 83
48 77
39 45
2 87
100 75
1 97
99 24
65 67
42 10
49 56
38 72
3 91
34 88
39 78
17 78
59 85
53 71
40 84
39 84
20 82
23 95
29 83
73 91
11 91
15 24
16 98
31 34
43 3
22 63
4 57
30 34
21 78
77 88
61 62
75 83
52 72
2 3
97 10
35 38
9 15
84 91
99 52
45 85
30 78
33 47
3 51
88 94
16 39
25 63
6 41
44 74
55 62
88 90
98 33
29 75
7 40
63 96
26 58
2 16
28 98
70 93
43 89
39 54
24 95
19 62
22 27
14 76
46 92
19 31
32 95
17 71
28 76
99 40
22 84
1 5
37 64
27 63
78 79
5 55
56 93
36 85
56 70
53 85
33 45
3 83
59 68
20 84
3 69
5 66
55 85
23 97
40 50
29 45
26 89
31 65
47 62
37 38
1 23
8 18
1 30
14 90
26 39
19 47
43 51
57 72
87 88
80 25
21 42
52 73
71 83
4 26
33 91
12 40
41 58
25 47
1 58
43 57
7 12
49 66
54 76
60 72
2 97
52 95
8 19
7 52
59 96
36 80
45 59
33 81
39 89
99 72
46 97
16 65
46 51
55 67
7 45
12 70
47 48
14 28
1 87
3 13
41 89
60 75
13 46
68 70
12 34
23 48
10 45
16 58
81 83
22 92
23 23
8 39
100 51
78 90
6 54
21 33
43 72
69 88
6 88
43 73
19 87
74 74
62 74
42 42
81 18
7 82
30 91
29 70
18 60
70 95
65 75
55 95
76 78
58 66
7 27
4 18
69 86
100 77
35 53
74 77
34 56
4 32
47 98
98 98
59 43
63 66
35 44
17 53
5 43
100 25
51 63
25 78
28 66
31 44
27 55
21 97
33 41
5 34
28 64
57 89
12 98
1 23
11 36
83 87
3 56
8 79
25 95
59 63
13 37
45 73
19 32
10 10
99 51
47 83
28 46
32 32
9 39
61 89
8 64
22 69
60 81
71 85
21 36
80 83
40 80
15 39
15 15
90 36
28 91
18 38
39 90
51 87
16 43
14 47
86 92
53 7
43 79
72 72
1 43
7 96
13 20
100 98
21 78
28 56
64 65
72 1
5 46
99 29
100 12
68 78
45 83
49 91
5 60
2 28
12 24
46 64
1 57
2 23
28 58
12 74
35 80
56 71
14 17
43 82
32 70
66 98
19 59
43 96
27 60
54 93
99 85
48 52
25 39
19 24
7 9
82 86
47 66
100 55
6 91
62 65
94 4
7 56
83 92
24 90
51 74
59 74
7 94
100 64
32 65
3 42
26 43
47 60
22 39
99 98
74 84
51 70
58 76
17 34
59 71
24 82
60 62
29 31
57 99
1 93
25 41
84 90
22 30
97 97
92 26
33 98
10 73
11 57
49 50
35 81
16 67
25 62
1 13
9 46
13 34
36 62
44 76
46 81
19 66
89 97
3 75
14 56
2 55
21 45
3 50
23 53
73 87
35 98
5 64
34 57
11 58
2 89
7 58
5 22
61 88
2 12
61 79
74 80
33 49
40 59
48 88
49 57
19 49
8 57
32 48
8 44
48 72
17 40
1 22
42 61
8 46
9 71
36 48
36 72
5 20
22 28
25 87
2 42
60 85
37 65
46 53
1 17
10 29
38 70
66 74
78 85
37 86
16 52
100 41
100 20
12 73
32 33
64 67
74 97
38 91
60 67
45 92
59 83
10 36
28 62
19 84
84 86
19 80
99 13
18 53
23 92
11 76
36 77
48 49
78 91
76 81
38 70
54 56
27 100
3 81
11 65
33 63
22 51
19 90
17 69
5 37
53 90
69 98
22 74
56 86
20 63
52 76
51 71
80 84
50 98
16 44
34 92
15 94
29 84
30 43
43 43
98 15
10 82
3 92
21 49
38 90
31 47
11 96
36 73
32 35
33 60
35 58
55 75
32 59
46 98
23 93
20 93
41 43
27 42
21 88
23 71
6 14
50 95
5 68
36 88
31 62
17 27
100 47
67 91
37 75
19 92
33 42
99 4
64 73
28 57
17 88
65 71
6 92
5 48
11 46
26 38
55 86
9 52
65 74
31 37
11 87
66 69
87 15
50 60
2 31
71 96
38 50
74 78
39 62
30 57
45 52
32 43
12 55
79 82
67 3
55 94
75 94
71 97
100 45
99 25
4 35
23 86
29 71
45 78
18 21
26 71
5 69
27 76
5 38
7 67
40 43
22 49
18 43
1 92
6 58
61 85
10 75
34 69
1 9
17 93
25 72
16 82
20 41
39 81
68 80
3 80
3 88
22 65
4 53
7 37
1 63
80 91
34 96
4 60
8 83
28 79
28 53
48 76
6 74
6 48
100 1
43 54
53 98
34 34
15 48
63 76
6 79
99 47
100 13
30 85
38 40
46 67
13 29
24 86
28 47
39 69
30 47
65 96
20 32
17 47
8 81
37 51
68 85
32 97
38 81
51 80
67 82
99 93
12 60
44 77
8 15
24 31
49 94
6 86
92 97
42 47
58 2
85 97
80 92
99 46
11 42
27 49
45 75
17 54
23 77
7 44
12 19
22 70
58 65
28 63
4 67
66 72
7 87
27 52
22 26
30 62
43 81
48 71
26 67
19 43
20 98
4 76
34 44
18 51
37 59
67 84
68 68
72 93
57 69
21 77
68 98
7 46
74 95
2 40
2 47
52 80
36 75
15 93
85 91
31 40
11 81
18 68
55 72
55 83
44 47
11 31
28 44
85 87
36 97
58 93
4 62
54 82
6 53
6 26
38 88
99 21
55 92
14 26
88 92
66 69
19 82
23 59
49 52
23 78
34 43
6 73
5 58
100 49
7 90
8 76
27 34
9 45
45 76
22 29
99 84
54 79
17 50
45 82
15 43
3 98
73 82
45 65
48 59
31 49
4 68
55 57
39 59
38 93
22 81
5 53
55 90
100 79
43 52
14 60
37 87
18 34
52 78
3 47
67 73
56 63
16 86
3 5
40 89
90 92
28 40
12 16
46 67
74 86
100 14
25 59
50 80
18 49
21 48
15 34
49 83
22 41
12 20
29 44
13 56
44 84
10 24
18 22
13 49
45 57
32 42
79 84
21 79
57 66
40 71
18 93
48 64
66 80
57 97
44 78
99 75
9 18
30 94
42 91
2 10
68 94
9 84
53 89
34 78
22 64
93 93
28 49
58 68
41 94
24 77
11 12
55 14
19 94
59 75
25 27
32 62
35 63
55 56
84 95
18 91
4 93
56 59
48 99
32 40
99 81
11 28
4 15
6 15
26 55
52 66
12 31
26 75
82 94
90 98
100 56
2 49
21 39
59 97
17 45
14 48
68 82
52 91
29 35
23 94
73 96
23 49
64 91
42 82
72 92
71 79
62 68
51 73
21 69
23 36
45 45
72 42
35 50
29 54
89 93
14 32
81 96
10 30
80 90
15 27
20 44
42 74
7 50
9 78
25 26
69 6
13 49
34 81
41 91
38 80
26 85
4 95
8 96
15 37
19 75
38 65
9 86
83 97
65 65
73 28
22 38
34 48
41 93
49 96
53 80
71 71
61 85
23 69
42 76
63 67
40 48
30 75
8 70
48 55
2 46
58 60
17 51
14 97
12 80
7 60
21 70
12 22
51 72
25 35
43 82
16 61
2 22
69 75
71 92
82 96
5 89
4 42
41 92
19 82
21 59
87 94
5 30
1 6
32 100
9 14
99 86
13 14
72 24
33 35
35 84
56 72
78 93
96 97
55 25
2 15
36 86
11 53
27 80
42 67
28 35
46 52
61 88
62 89
27 47
17 18
32 28
83 86
5 63
100 81
5 40
24 96
4 22
99 26
17 46
50 58
27 79
4 71
21 26
55 71
78 83
20 20
59 2
11 75
52 84
76 85
75 86
8 63
100 94
4 88
69 82
20 23
37 97
5 18
27 84
11 61
25 53
6 24
29 47
16 57
16 41
9 37
28 54
26 32
6 76
85 90
23 70
10 64
21 87
17 22
83 91
34 59
47 64
10 58
99 38
24 56
15 36
14 45
6 60
79 88
89 90
68 93
21 52
18 66
10 15
10 83
31 68
48 84
100 7
30 59
32 55
29 55
13 78
14 83
100 46
33 53
62 64
34 92
50 79
5 71
31 95
64 79
63 92
49 53
42 52
3 19
25 61
27 40
33 67
49 69
30 32
38 40
72 85
9 22
28 86
80 96
58 92
10 80
38 85
14 39
62 69
39 88
18 80
10 63
27 58
15 30
11 78
16 83
54 59
35 45
39 56
16 97
40 70
2 75
10 92
6 83
22 90
75 90
8 22
1 18
56 56
80 20
23 32
65 80
8 53
28 74
13 84
13 79
64 78
5 90
29 49
21 72
62 92
50 70
37 42
20 56
13 31
12 83
14 66
60 61
55 96
22 22
95 95
1 42
7 42
12 35
59 87
27 98
19 78
8 36
16 59
34 52
19 35
39 82
14 73
8 97
3 57
34 50
22 95
40 46
36 89
25 30
82 88
58 91
72 90
27 51
62 86
3 26
41 50
59 77
11 18
57 87
77 91
11 40
75 78
87 3
15 48
41 49
52 52
1 51
99 50
47 55
8 48
56 67
100 80
90 93
3 26
12 13
99 18
39 77
44 66
10 18
9 28
55 88
23 58
43 45
91 7
7 53
46 69
35 71
1 1
19 54
20 81
51 85
11 32
5 88
99 49
99 45
7 13
64 93
53 53
84 31
82 92
58 86
2 37
20 47
42 75
26 65
14 59
3 36
40 57
7 16
19 26
99 94
9 32
5 76
100 58
7 66
59 86
38 52
28 69
28 67
35 93
56 98
75 84
2 71
7 59
5 61
8 17
58 79
34 84
66 88
10 93
13 50
64 66
46 82
58 66
49 59
100 86
30 40
9 82
41 62
47 93
58 94
51 52
32 70
71 72
46 60
21 27
8 92
19 42
64 98
37 69
27 64
47 88
37 62
3 29
47 63
57 65
24 62
49 75
9 61
17 57
11 66
36 45
4 46
64 82
25 48
63 84
44 68
33 62
99 83
11 69
34 70
52 89
3 6
71 7
11 37
5 32
12 45
100 65
37 54
31 40
36 57
44 69
59 65
15 19
11 14
18 83
13 85
34 72
55 79
17 52
5 75
23 98
16 70
5 82
65 69
61 90
38 78
12 51
34 58
37 48
2 58
22 32
69 80
5 10
59 61
35 51
6 56
52 77
48 74
4 97
16 22
67 72
35 84
16 85
12 71
17 63
35 90
50 61
27 31
98 8
68 73
79 97
23 40
10 60
19 48
42 83
6 81
8 75
26 74
73 75
64 7
15 35
38 54
99 12
10 71
32 71
5 50
18 37
11 50
92 95
25 97
3 77
87 93
89 94
42 55
67 76
17 33
66 91
18 96
19 44
100 21
26 82
9 90
31 73
67 85
63 95
1 36
100 87
15 25
37 64
94 96
69 80
18 70
15 83
10 76
27 97
46 89
17 90
17 87
15 42
54 68
38 44
8 65
2 35
65 85
19 63
35 83
12 21
74 79
28 37
57 88
3 18
19 76
68 92
6 55
15 22
41 75
5 78
9 68
57 57
62 69
80 80
62 85
66 77
72 97
2 32
36 59
46 91
16 95
62 63
38 88
28 89
11 84
30 84
44 57
9 43
32 90
30 66
24 24
77 33
1 79
10 49
100 59
24 71
74 89
84 96
84 95
20 35
41 77
96 98
6 10
70 72
21 6
14 82
4 51
23 47
10 31
16 90
81 95
50 93
2 69
73 95
3 71
9 13
3 90
41 87
10 62
99 73
100 22
25 97
44 92
35 51
99 15
69 79
10 83
63 90
64 67
66 70
36 87
4 85
23 74
15 89
6 63
52 55
25 68
10 81
6 10
41 63
16 62
11 63
51 88
99 88
15 54
100 33
53 70
78 84
4 33
29 43
23 33
9 57
75 88
24 30
62 88
27 95
30 51
3 78
24 42
70 80
24 78
18 20
28 45
12 14
39 65
51 54
75 95
100 84
6 51
6 97
37 57
33 50
29 46
23 78
71 84
57 78
41 78
47 97
36 66
47 59
81 86
39 66
5 70
19 33
99 99
69 46
8 12
62 94
6 17
21 91
33 76
2 96
3 37
9 76
41 65
12 42
27 72
100 5
16 72
6 84
69 84
55 97
39 98
15 90
33 77
60 76
65 87
61 90
99 14
23 88
64 85
32 81
36 46
78 96
10 44
67 88
22 72
16 91
3 72
9 26
2 72
54 60
28 84
35 92
38 48
13 67
47 79
15 88
77 82
61 75
42 90
23 43
100 17
71 80
5 36
20 91
1 54
45 60
8 16
78 89
99 59
7 80
42 54
16 87
22 37
20 64
15 55
58 73
40 72
37 92
33 64
8 29
4 6
58 78
17 94
45 62
13 28
9 35
29 32
86 99
6 13
82 85
44 97
28 71
34 55
15 98
51 64
24 49
76 93
27 88
36 38
39 15
14 49
35 70
49 76
25 91
56 65
18 25
67 74
12 18
27 81
77 81
6 14
63 97
3 84
49 60
21 93
8 68
13 30
28 95
19 60
3 31
24 66
49 71
21 63
49 49
74 55
59 98
38 43
17 20
71 87
2 9
43 86
15 78
54 95
10 19
12 56
44 44
94 48
20 92
99 34
25 88
50 88
36 54
65 83
11 95
45 86
4 37
38 86
12 49
53 87
2 70
43 61
15 50
25 67
26 80
3 58
53 88
71 82
56 60
29 42
11 83
24 68
21 46
58 96
15 92
6 40
20 62
3 34
11 48
20 25
43 74
62 79
79 79
57 40
27 37
56 85
44 51
30 95
24 88
20 78
40 81
15 70
18 90
18 48
60 84
25 42
58 62
18 56
23 28
34 74
5 14
35 77
1 65
39 97
51 58
25 71
9 58
29 33
46 87
14 79
13 16
20 73
34 56
61 71
70 81
38 75
30 56
28 78
7 48
47 81
12 47
8 98
41 67
3 65
12 85
16 55
28 61
19 37
5 87
14 62
76 94
20 50
50 91
6 80
99 68
9 60
54 58
1 29
16 34
20 52
99 44
4 29
49 61
59 79
53 64
39 75
29 29
27 45
47 82
11 62
25 51
90 95
10 88
64 81
5 47
25 82
8 69
46 95
13 81
39 94
17 24
45 74
15 97
19 56
65 92
8 39
1 88
58 90
63 83
44 52
24 70
26 45
35 74
17 77
1 73
4 9
19 51
45 54
80 98
99 7
43 91
56 88
20 80
65 70
39 58
22 33
100 3
7 90
90 96
16 89
84 89
59 70
22 34
5 9
6 7
7 18
33 72
13 75
32 86
83 96
30 30
94 99
21 31
2 26
89 96
10 33
5 33
10 61
28 87
19 69
21 23
69 88
9 64
5 7
35 60
11 39
35 85
9 92
14 27
79 95
27 62
27 56
30 62
66 76
16 54
9 83
100 85
60 80
13 52
33 46
9 91
19 36
7 55
39 83
23 42
33 58
5 62
60 96
57 85
1 48
35 40
24 77
22 50
15 51
100 24
7 10
39 94
70 87
37 47
87 96
44 67
12 37
66 95
86 86
66 54
100 53
5 21
75 81
31 52
65 88
35 76
24 84
70 94
31 31
96 43
19 97
1 47
66 92
29 63
2 2
55 44
26 68
7 81
25 60
29 69
47 80
18 85
45 66
19 95
16 23
3 7
35 82
35 55
25 50
46 65
37 46
2 5
3 99
14 85
20 94
84 87
78 86
23 24
72 25
26 35
22 79
76 83
31 82
100 63
41 59
19 80
6 46
3 11
23 52
92 98
49 98
34 73
26 47
22 61
11 19
45 89
36 52
7 62
10 52
28 81
18 28
21 92
4 23
15 79
14 58
99 9
100 19
72 78
49 63
4 73
41 52
3 8
25 64
15 61
46 70
100 60
16 40
7 64
57 98
80 87
86 88
71 1
61 73
14 81
8 20
31 69
26 97
34 42
2 67
42 60
99 63
11 85
10 51
44 54
15 18
18 82
4 77
50 96
43 70
27 42
75 91
85 85
94 30
43 44
65 33
62 75
69 78
75 79
83 2
19 25
51 86
51 78
42 72
68 81
37 41
31 99
2 90
61 82
29 95
79 96
52 85
9 38
14 84
2 38
28 70
36 40
45 4
2 50
19 79
45 64
8 45
21 82
55 60
55 64
12 52
10 98
52 63
11 30
4 80
83 93
99 43
29 72
45 70
15 74
20 83
20 46
92 92
96 30
100 78
33 84
6 93
61 78
27 57
50 76
36 58
16 78
66 96
26 88
38 79
62 84
55 67
6 45
35 36
38 70
6 82
17 31
22 86
39 63
57 96
18 63
37 61
18 61
26 71
71 81
100 27
69 74
73 79
24 48
72 80
35 82
61 93
39 64
60 74
100 74
13 38
53 57
10 95
32 53
35 88
32 39
34 54
22 80
14 54
56 80
41 97
33 55
11 86
6 38
2 76
18 29
69 97
99 67
56 81
7 72
1 90
34 49
42 56
65 82
46 67
88 93
46 50
63 88
29 80
69 94
46 49
81 82
71 10
91 91
6 41
100 72
18 32
70 86
5 65
46 62
26 50
23 76
99 60
9 23
1 61
28 36
24 83
16 25
72 79
5 93
37 55
85 98
6 21
14 16
38 87
62 77
24 72
67 95
42 86
99 62
66 81
13 96
91 95
23 72
5 23
10 39
45 81
3 66
11 31
42 93
54 84
50 71
9 54
7 78
19 85
6 71
54 78
36 49
53 69
85 93
70 91
89 98
10 38
31 59
68 75
36 95
28 34
58 70
69 69
58 37
99 91
73 77
32 99
58 83
66 94
74 87
45 87
47 69
60 66
17 28
13 94
64 64
70 25
51 77
78 80
64 12
78 87
100 48
10 47
1 37
9 29
1 55
40 80
67 79
1 7
4 72
32 45
28 30
47 82
33 39
8 62
55 55
76 97
21 64
51 76
7 20
3 15
13 72
41 54
36 56
22 89
19 28
25 79
16 88
14 98
23 62
18 23
38 51
27 82
57 83
69 76
4 14
25 69
30 88
14 24
13 60
53 56
75 15
17 67
7 49
2 4
40 90
29 76
54 85
42 80
39 59
27 85
4 52
39 42
77 86
58 81
37 89
30 42
43 85
24 59
86 91
38 69
47 70
6 75
19 50
11 22
11 29
42 68
29 96
100 93
88 88
94 34
54 77
6 20
21 75
5 92
69 96
37 53
9 39
23 27
59 7
40 90
58 97
1 70
73 73
91 40
26 69
20 49
26 33
41 96
99 74
27 66
73 85
10 67
99 90
30 46
21 50
7 36
99 8
1 38
50 86
32 47
13 90
20 31
17 73
13 58
34 63
53 76
38 84
48 58
22 71
65 93
71 86
8 85
61 97
17 21
12 26
58 63
22 24
49 82
10 12
25 5
28 55
9 89
26 72
31 86
30 52
17 89
14 18
6 64
50 98
27 41
50 67
19 89
68 90
32 93
67 69
34 78
30 63
53 97
48 90
4 72
42 92
4 17
61 63
87 14
81 98
99 33
83 85
40 48
6 94
75 93
71 76
18 85
46 93
32 85
40 73
66 68
10 13
96 7
21 65
45 48
61 91
5 8
9 35
21 61
53 55
65 84
35 97
10 28
6 65
40 67
40 58
53 95
31 92
32 92
73 80
6 68
7 68
44 49
15 28
47 49
55 6
1 53
4 47
47 94
94 95
46 77
24 74
1 60
31 89
40 97
18 33
33 36
31 57
50 52
29 51
5 95
59 81
5 84
2 92
47 86
67 94
29 57
73 97
39 96
94 98
13 93
20 27
25 74
26 70
16 51
32 83
50 62
24 65
6 39
26 83
25 25
14 52
12 94
25 98
25 39
77 93
26 36
62 83
15 58
56 82
30 64
21 81
71 87
29 56
1 64
36 81
2 43
13 24
1 28
13 53
53 62
51 97
24 64
70 90
73 93
11 49
67 97
41 66
18 81
52 70
36 94
18 95
57 59
45 1
23 70
57 62
3 10
8 31
16 18
48 49
88 96
34 71
28 92
18 42
27 71
22 97
61 67
2 95
5 80
99 35
14 23
24 44
8 30
49 90
67 81
75 75
73 90
100 70
62 74
6 92
51 92
57 82
33 51
47 50
57 7
61 98
82 95
61 61
22 35
10 14
28 5
14 34
29 37
59 80
3 27
8 50
12 68
99 77
21 22
45 32
10 57
45 67
82 97
22 40
40 60
27 68
65 81
34 98
55 96
81 81
60 94
82 86
45 69
33 65
54 54
96 37
50 94
15 86
10 48
20 24
24 57
7 76
78 82
39 62
66 79
28 42
32 63
52 97
99 89
53 78
20 34
18 74
81 97
66 97
72 86
90 97
82 93
51 67
15 17
18 76
77 90
99 20
81 89
18 26
9 49
15 32
50 82
75 83
13 62
5 17
26 73
31 46
18 30
47 58
87 95
13 23
55 84
10 40
29 39
46 76
12 82
49 64
87 89
41 93
39 52
75 76
70 80
4 19
40 93
14 14
89 25
37 79
31 87
23 81
6 18
17 58
53 66
22 52
1 16
8 8
74 39
18 78
37 43
33 40
13 22
62 71
43 48
35 47
34 36
28 62
69 85
21 35
26 59
26 61
33 83
58 77
15 41
11 80
31 64
44 65
28 51
36 76
15 53
44 60
49 66
53 58
99 66
11 26
38 55
47 73
43 56
47 89
75 95
77 83
63 91
10 97
87 98
56 58
20 31
26 40
15 38
17 64
8 72
52 59
33 92
45 96
10 86
13 59
9 73
34 87
79 86
6 85
21 40
36 44
7 93
53 61
39 79
24 73
4 21
36 67
100 90
27 32
93 98
51 75
66 83
99 97
76 79
45 14
20 88
22 56
99 16
100 57
7 26
8 37
32 49
22 59
28 48
31 57
50 55
41 98
66 78
5 11
35 41
55 83
75 87
18 79
83 83
21 25
7 97
32 41
38 87
86 93
34 45
45 51
39 77
6 25
48 82
52 94
21 86
22 82
39 43
32 44
17 19
47 87
41 57
7 88
8 74
63 69
9 17
38 53
24 58
6 52
4 31
12 12
58 72
13 45
83 90
51 82
19 68
25 29
60 62
29 95
38 69
48 51
78 80
19 74
11 13
80 98
39 40
2 23
27 92
14 35
62 91
16 80
2 78
12 34
68 74
34 60
20 86
20 21
56 15
35 49
2 14
19 57
82 89
15 66
23 80
72 77
4 7
28 28
100 3
98 99
93 32
12 96
3 53
43 87
34 85
54 80
83 89
36 71
2 39
3 25
29 31
67 13
50 51
2 20
48 75
44 62
54 86
21 24
64 100
47 68
36 90
73 90
48 60
28 88
9 53
3 17
2 17
43 75
5 25
41 84
100 40
56 90
13 70
45 91
26 95
57 71
7 38
39 76
26 37
9 42
14 77
44 55
13 57
32 89
46 83
47 75
33 88
8 86
9 85
33 73
30 73
32 88
48 79
1 77
2 19
28 32
86 89
51 57
23 50
41 63
22 62
15 67
14 88
6 59
30 58
21 44
12 66
27 54
17 49
100 100
75 44
11 16
92 3
17 74
49 95
43 68
41 53
30 90
9 19
27 39
48 94
32 62
14 25
13 97
19 93
18 97
35 95
20 33
16 75
69 95
29 68
75 77
20 46
100 38
46 96
78 95
23 87
71 98
64 75
32 56
74 75
44 66
62 82
67 92
19 81
55 66
51 56
16 66
72 91
10 55
85 89
92 4
20 39
31 63
3 30
77 96
37 90
43 80
32 98
1 50
28 96
57 76
16 93
63 89
36 79
52 64
6 50
99 54
52 68
4 74
62 67
11 59
45 55
16 60
24 81
40 42
34 34
85 92
23 46
13 40
48 54
35 81
31 43
35 35
84 85
18 19
71 72
8 18
14 53
18 65
63 72
7 83
21 94
71 78
29 79
44 58
11 21
6 69
68 86
11 74
14 93
24 92
83 98
14 64
55 58
66 89
6 16
70 82
56 68
21 60
35 96
36 91
21 84
13 33
43 92
8 27
44 80
1 32
99 53
79 91
3 55
72 75
24 17
43 58
15 23
25 84
12 88
40 82
14 57
2 53
3 23
48 68
52 65
39 65
40 63
59 95
4 92
60 86
56 87
56 74
43 77
7 14
44 93
28 29
61 82
24 38
36 84
24 32
41 48
60 94
10 53
59 76
49 74
95 96
58 15
69 83
12 59
37 76
3 94
9 40
20 22
38 64
5 45
19 58
4 90
31 55
48 65
31 93
100 11
69 71
79 99
49 80
14 43
25 44
7 92
61 68
48 89
36 50
12 63
100 62
7 71
6 35
4 48
49 70
12 54
11 15
48 2
21 83
10 27
27 45
2 68
16 66
34 93
33 66
59 62
35 99
15 76
36 69
24 43
8 24
79 80
84 28
3 45
9 33
1 8
62 87
85 88
41 89
14 70
9 34
36 96
18 44
26 81
94 94
39 39
62 51
6 22
51 55
13 33
6 27
60 87
23 75
15 40
21 95
13 83
31 41
82 87
42 71
56 84
20 61
64 90
41 46
35 75
27 59
58 74
42 43
39 56
100 31
10 74
55 82
8 51
71 93
7 34
44 53
4 94
48 63
9 20
37 44
18 46
55 71
5 5
22 48
2 84
23 96
30 89
14 44
35 56
72 96
45 71
64 89
25 96
62 70
43 59
26 54
4 7
41 76
31 81
42 58
9 21
2 21
41 47
73 4
42 89
58 95
60 95
8 77
36 47
24 39
26 46
24 51
73 92
99 78
70 92
52 81
50 84
13 39
32 34
80 91
20 72
37 39
96 6
20 67
16 81
41 85
60 65
49 5
90 91
46 73
99 10
36 65
42 46
31 66
21 41
9 94
6 42
32 82
52 93
99 56
33 90
65 77
15 84
24 52
19 64
22 25
28 58
20 43
31 74
39 47
91 96
35 60
28 38
10 89
100 4
28 39
65 73
12 79
18 57
4 79
24 34
55 77
31 45
92 96
3 11
9 25
41 74
17 37
99 55
36 83
12 53
8 56
77 86
32 76
34 47
20 89
10 42
17 91
64 70
11 89
42 63
11 51
13 71
99 71
63 77
62 85
40 40
78 55
38 66
66 82
10 69
25 73
31 77
16 76
16 50
24 85
74 83
2 62
44 46
93 94
57 26
58 59
37 21
53 94
2 13
38 41
81 1
39 85
39 46
5 24
74 76
30 90
99 32
56 75
27 83
99 18
23 60
78 78
92 17
31 90
31 88
58 98
31 51
7 25
74 94
79 93
29 74
47 67
18 41
4 59
99 58
36 36
3 36
44 61
18 58
56 61
31 61
15 49
65 84
5 41
21 66
6 90
72 74
41 66
17 23
100 97
12 33
61 65
33 9
62 78
37 82
9 98
100 76
17 81
18 94
6 47
30 74
38 67
51 59
33 89
73 76
56 90
9 31
17 76
35 67
45 63
19 45
20 40
29 98
79 85
47 52
20 47
36 78
86 94
67 98
39 49
77 97
16 30
42 51
66 71
14 41
46 47
42 98
15 31
69 70
50 65
32 78
40 41
73 80
3 85
46 59
39 41
68 74
3 24
10 17
36 98
14 50
84 92
53 72
33 44
39 87
50 85
51 98
24 25
84 24
48 83
100 91
20 58
47 47
56 23
33 86
45 61
26 60
14 74
20 68
8 41
5 54
68 69
99 29
20 28
35 52
49 72
34 51
26 94
11 97
60 64
54 58
5 31
47 54
23 51
3 39
2 29
43 66
17 32
9 55
24 53
41 69
27 67
48 95
63 98
10 54
15 16
83 25
19 23
31 70
1 33
1 39
40 44
42 81
24 79
6 44
41 86
41 88
24 33
3 9
55 98
17 72
5 57
78 91
38 49
7 32
28 41
54 64
52 53
8 16
72 81
13 82
9 63
22 58
27 70
60 73
7 98
46 63
99 22
20 36
7 28
26 63
13 51
24 57
10 88
13 18
40 87
9 59
23 38
100 88
39 57
79 87
30 65
8 66
63 64
58 74
42 78
16 47
65 97
5 77
55 93
60 68
9 15
19 73
72 95
12 17
81 93
12 44
9 81
33 52
75 85
53 59
11 43
40 91
28 52
2 59
93 94
67 24
91 92
59 77
66 66
5 44
8 54
56 73
17 79
23 55
13 92
47 78
1 56
64 96
9 77
19 55
29 41
8 55
7 8
73 95
23 37
38 58
51 60
30 92
36 39
48 74
60 77
15 72
31 84
14 19
23 26
86 97
4 27
4 44
7 61
38 42
53 97
44 75
18 89
2 73
26 78
33 54
84 94
15 20
93 95
35 53
15 82
51 57
12 25
39 70
33 85
100 66
66 70
36 78
23 89
12 77
30 93
46 85
29 92
58 84
77 98
10 50
46 68
32 67
14 75
99 6
55 80
70 77
21 21
16 46
4 63
77 92
31 50
7 30
4 58
38 83
4 4
18 37
51 79
18 98
7 24
26 30
81 1
26 84
34 67
5 59
9 80
14 78
47 91
11 11
73 95
33 75
50 72
26 76
29 91
13 42
32 75
4 41
21 21
68 55
10 79
4 66
48 78
52 90
32 46
7 23
4 84
45 47
58 67
17 92
22 67
42 98
40 75
33 68
16 19
42 55
43 53
37 60
8 80
34 89
69 73
5 63
3 43
40 51
7 22
12 76
24 63
30 60
51 51
57 73
23 41
18 27
75 98
56 66
61 66
30 47
41 79
56 97
22 49
10 20
37 72
59 90
32 58
5 44
11 70
46 57
14 15
75 20
30 39
29 59
24 26
63 9
61 75
4 45
12 97
19 27
10 96
41 70
46 78
15 87
15 65
12 72
24 46
18 36
9 10
40 49
6 49
33 69
9 9
67 39
4 96
12 29
3 79
19 38
43 97
2 27
5 42
4 11
85 96
5 67
72 87
40 77
57 94
9 44
13 95
55 59
33 80
77 85
6 32
4 43
54 66
44 63
14 89
41 64
48 62
99 1
61 92
12 32
7 47
43 83
54 75
22 98
23 68
81 91
38 56
35 37
35 36
52 55
15 38
29 67
99 3
46 61
14 51
22 88
5 74
80 93
28 94
3 96
50 68
88 95
42 66
69 91
74 96
86 96
19 20
63 18
63 81
14 94
32 64
3 4
58 65
16 17
52 5
6 67
11 67
13 89
10 25
64 76
28 97
4 16
43 69
41 90
30 44
29 53
