121 7381
iiiiiiiiqlrdmdptyrmuazjcpiiiiqbvrylzkrcxr
iiiiiiiiiiiiiifztjubvnhcztrppsyiiiiiiiiii
iiiiiiiiiiiiiicucdfvmnfycsqfdqmgmntxyckxv
wpypmbotyplueikflopxlpoayvoetiiiiiiiiiiii
wbcwrcsvoocropugeiidhulcfczgmotltdmiiiiii
iiqxmptctjmbfzjdiiiltbdxhmecdvgaiiiiiiiii
iiiiiiiiiiiiiiiksepohzxezhqxawgaiiiiiiiii
iiiiiiiiiiiiiiiiiiiiiiiiiiiiiiiiiiiiiiiii
iiiiiiiiiiiiiiistykgxrmlnedyiiiiiiiiiiiii
iiiiiiiiicpctagkfwmonlizjnhydykronmiiiiii
iiieeerdlhqxcgywwiiiiiiiiihxntdqdclqudond
iiiiiiiiiiiiiiiiiiiiiiiiiiiiiiiiiiiiiiiii
iiiiiiiiiiekwkhpotfbpdguzuopcmensbkjekqys
iiiihvqjunqmuuhjosikqtfphsbeuugiiiiiiiiii
iiiiiiiiiiiiiiiiiiiiiiiiiiiiiiiiiiiiiiiii
iiiiiiiiignteqgocnvoajvpnriiiiiiiiiiiiiii
iiizfruvwkvzmylkiiiiiiiiiiiiiiiiiiiiiiiii
iiiiiiiiiiiiiiijxgqkctsuvwfmdwtyiiiiiiiii
iynatwjseutqcixrvyqwfzanmqezeluiiiiiiiiii
iiiiiiiivjnoodxmpwjebskwhvrrypfroyriiiiii
iiiiiiiiiiiiiiiiiiiiiiiiivguatbzklpdaffpz
iiiiiiiiiiiievevycvpnjnupjpiiiiiiiiiiiiii
iiiiiqaeghhbrzypfkxhkhogvogbkjabgfklkoiii
iiiiiiiiiiiiiiiiiiiiiiiiiiiiiiiiiiiiiiiii
iiiiiiiiiiiabpneezbbwwrsfbjyfctgnavzlzlti
iiiiiiiiiemxfjhdlcvcnliiiiiicpscbeonaqxri
iaubannkgcqabpanrgiilluthfokwsnnhfnjiiiii
iiiiiiiiiiiiiiiiiiiiiiiiiiiiiiiiiiiiiiiii
iiiiiiiiiiiiiiiiiiiiiiiiiiiiiiiiiiiiiiiii
iiiiiiiiiiiiiiiiznnczuadvopjmeliiiiiiiiii
iiiiiiiiiiiblwozqlpbcosicdypnkspabswplyji
iiiiiiiitbpbcowvxpccbsiiiiiiiiiiiiiiiiiii
iiiiidgfwlcjwlljfttliiirxesokeygvkoqgiiii
iirbvgwcmjggmfwmriiiiiggjkqnpqbtacbgsiiii
iiwunckufxewhejanchaharvysbhxggduqiiiiiii
iiiiiiiiiiiiiigmfwqdrowfvboooiiiiiiiiiiii
iiiiiiiiiiiiccfhmqpjyvjtijflxldawhtylyzii
iiiiiiiiiiiiaokdkuvnzswlziipemzzlxynvobui
iiiiiiiiiiiiiiiiiiiiiiiiiiiiiiiiiiiiiiiii
iikaoexphaqcvfaqkmrpgcsbbxmtdkviiiiiiiiii
iiiiiiiidlfdmvcggwkuzceafiiiiiiiiiiiiiiii
iiiiiiiiiiiiiiiiiiiiiiiiiiiiiiiiiiiiiiiii
iiiiiivsasmnudkkqpmtnbiiiiizkomqwsthfvkii
iiiiiiiiiiiiiiiiiiivfgvlcolppsriiiiiiiiii
idgsjhszfjvrafiiiiiiiiiiiiiiiiiiiiiiiiiii
iiiiiiiiiimyflswtssbjsmgfviiiiiiiiiiiiiii
irlmfvagvpmeoblwtiiiiiiuhkeeskygxdjiiiiii
iiiiiiiiiiiiiiiihfjqktavzorbiiiiiiiiiiiii
iiiiiiiiduvpdgablfenwrpkitvudybrasxdvnasn
iiiiiiiiizafcaqtmgjuzyovswzsjlhrbvvgztiii
iiiiiiiiiiiiiimjgawpylxmafdcymiiiiiiiiiii
wkcpbeepwamsnuuvnrfkemnuhufnniiiiiiiiiiii
iibfclshwqrlahzccmqaynlqgoqdrrcphsiiiiiii
bshstumzmcaxciiiidwmlattamevxfiiiiiiiiiii
gfydcfxnalkjfbcgdiokdvrdzhrggpzsafiiiiiii
iiiiiiiiiiiiiiiixclwepfdhtzozdftiiiiiiiii
iiiiiiiiiiiiibogmwftfmfvbmsyauiiiiiiiiiii
iiiiiiiiiiimftcrlkcmwtyiigcpunkgetoefyzbi
luhpcvkeulvgiiiiiiiwashbzaocwcsiiiiiiiiii
iiiipfpyyemworpnurbiiiijtxwghyqhchauhyzii
iiurdcfjwdqhtgznzrgiiiiiiiejddkyktztekege
iiiiiiiiiwsqdecdofhzhkqovtixhnkcalodfxjii
cdopxasweadsiiiiiiiiiiibmmzubqevpkziiiiii
iiiiiiiiiiiiiiiiibysbcnalactxeqcmniiiiiii
iszbdpsyoollshydgfgsyjexwhgrcnpiiiiiiiiii
iiiiiiiiiiiiiiiiiiiixwrbptxpjbdkmiiiiiiii
dytnldlqkhmbnvfecbyhxzgsjtzsjkiiiiiiiiiii
irwsoybngaphfjlepigopdjkdooakziiiiiiiiiii
iiiiiiburqocoellxslomibpgtfxcymowzlaiiiii
iiiiiiiiiiiiiiiiiiiiiiiiiiiiiiiiiiiiiiiii
couxonsqgvqdqbdlrcozolfakvviapuhqajzlloge
jvqzyakjfasoqsapquvrkzasjdhjiiiiiiiiiiiii
ncdakeahebvhupqpgiiyypytzwnhqeftniiiiiiii
iiiiiiiiiiiiiiiiiiiiiiiiiiiiiiiiiiiiiiiii
iiiiiiiiiiiiiiiiiiiiiiiiiiiiiiiiiiiiiiiii
iibauklqugzfykiiiiiiiiisqcomzkwdrkjetrqii
iwkhpqtnhzroowcniiiiiiiiiiiiiiiiiiiiiiiii
iiiiiiiiiiiiiiiiiiijgvodjhlebkbniiiiiiiii
iiiiiiiiihbsoosxtwuvpxavriiiiiiiiiiiiiiii
iiiergeksfybqttphaiiiiiiiiiiiiiiiiiiiiiii
iiiiiiiiiiiiucpybbgjtskwlojiifuwjrcymkunh
wcauhnpabmgfydxsiiiiiilvhaqrvyemsqsiiiiii
rajyweddulhrhsiignujbqgllzfhxtopiiiiiiiii
iiiiiiiiiiiiiiiiiiiiiiiprkesdraudpjziiiii
scgzxwsxhjqbhjiiiiiiitzkdyoxrmvxxkiiiiiii
iiiiiiiiiiiiiiiiizxlwxokgdmpciiiiiiiiiiii
iipkvtqhnwfzhccziiiiipfnmhdkslxsrliiiiiii
iiiiiiwlhwmsvmfqlqryfegufyhqqmbtsomiiiiii
iiiiiszxevoozjvnnmysuhilzterwanezuouvulmi
iiiifeyptvuogdycuiimbmvattsgmutndoadiiiii
iiiipejhybjkumqrbtdiiiiiiiiiiiiiiiiiiiiii
iiiiiwfdnolnhodwnwzpzdiiiiiiiiiiiiiiiiiii
itqlpqfgeosglgniiefxahfrxqjhbnpggiiiiiiii
mdzygmqwtwaewfqobnbttzajjwywyiiiiiiiiiiii
iiiiiixahmnwzckgynniixtkzlsuuuajjsiiiiiii
rdxoqbrzuaptyeiiiiiiiiiiiiiiiiiiiiiiiiiii
iiiiiiiigbkdjhbwwanjshiifwqofmhagwgywviii
iiiiiiiiiiiiidpckjphtwrlyofxpiiiiiiiiiiii
iiiiiiicffmjupovtvhdtbbiiiiiiiiiiiiiiiiii
iiiiiiiiiiiiiiiiidfawffqnywsjskiiiiiiiiii
iiiiiiiiiiiitqahzohufufxowgsnxvurdoopwwaj
iiiivgcpgpdnnhlxkpiilwbsqcmeewpdriiiiiiii
iiiiiiiiiaxjhthcfjupsjeliiiiiiiiiiiiiiiii
isulhlglskywninlesensdkgwcwtpiiiiiiiiiiii
iiiiiiiiiiiiiiixyughtrwjybfoziiiiiiiiiiii
iiikaxgdnlmbkqdiiiqzyorhnrrklfyiiiiiiiiii
jqtvpvvngrccciiiduhjlxwlecypuhtxiiiiiiiii
iiiiiiiiiiiiiirqpqrbpeonmdjpiiiiiiiiiiiii
iiiiiiiiitzvmsbkcytwqbvebcidkzdayqqrnjvpo
lfeqjqhuaarqiovmxaquvlxqnsuwiiiiiiiiiiiii
moslblmpgmpdjpkrkhfpuaxojcrexkwiiiiiiiiii
iiiiiiiiiiiiiiiiiiiiiiiiihycuroorrosoxiii
iiiiiignvhwpkgceurmwihqqolzaguwtwldbmfiii
ivtgukvwbdbfdkeviiiirejsytokjzvwyrrwiiiii
iiiiiiiiiiiiiiiiiiiiiiiiiiiiiiiiiiiiiiiii
iinxdeugzeuwaptgwiqnjkeqtsvawueiiiiiiiiii
iiiiiuubudbdzxbypiugopmpbwghjudcqiiiiiiii
eemkruxnzhoaczpullfeeqpwjpcoiiiiiiiiiiiii
iiiiirmlnvmmyhehotefiidbravvsxkmphfdgeiii
iiiiiidhmysexncgvcjsmthzsgvpdczkhlalsgpii
iiiiiiiiiiiiiiiiiiiiiiiiiiiiiiiiiiiiiiiii
14 23
36 70
32 98
15 50
82 112
87 21
96 50
41 97
46 98
96 57
27 95
49 85
107 47
39 6
58 39
8 100
80 3
44 67
83 93
11 63
109 19
27 52
97 38
66 89
91 103
107 38
9 19
60 112
104 82
42 49
70 98
113 57
17 75
92 108
99 86
89 120
35 76
41 50
67 11
49 62
12 38
75 36
35 121
19 52
36 53
90 2
65 44
111 42
71 6
16 80
96 100
91 14
3 84
64 79
93 69
104 58
57 5
120 24
95 78
55 72
109 114
30 75
80 83
101 112
29 78
84 62
22 42
88 50
88 97
86 60
47 112
93 36
36 82
53 114
60 101
5 15
98 73
53 101
55 92
118 2
56 105
20 70
107 51
29 96
81 120
77 83
39 57
42 46
29 88
4 19
8 34
101 69
48 74
45 100
89 16
66 1
96 64
99 29
19 42
59 88
94 96
37 113
85 119
33 59
84 31
72 116
59 102
80 107
39 13
21 90
76 81
78 92
55 71
66 89
118 28
11 60
72 13
96 63
42 116
13 99
20 49
66 117
31 63
75 90
68 109
37 97
28 72
13 99
74 50
28 44
61 76
6 36
69 91
76 119
112 118
119 9
67 45
117 37
74 94
42 109
21 35
100 116
8 43
11 62
57 63
41 62
63 81
44 91
38 39
72 91
61 121
51 17
71 83
72 94
53 97
82 113
82 29
111 3
40 46
90 35
62 87
64 112
112 17
6 10
8 32
15 56
5 83
92 97
64 91
13 63
44 99
65 84
112 2
8 34
100 37
14 104
114 114
66 35
9 26
50 60
60 113
19 56
37 81
17 76
6 32
114 3
120 45
45 71
77 7
61 97
23 76
87 3
115 18
5 38
120 30
60 106
44 98
72 86
94 65
41 46
65 70
96 101
108 1
12 35
115 50
115 30
34 44
19 106
103 8
3 6
70 97
81 98
120 37
82 56
121 79
78 17
121 38
58 76
106 55
111 59
23 90
20 40
53 3
87 51
14 114
34 56
64 116
23 43
7 55
57 76
5 12
68 86
118 10
16 24
92 27
39 106
26 36
29 113
59 121
71 75
80 6
51 83
17 4
97 106
76 77
70 30
85 96
49 117
64 91
14 43
63 7
91 105
15 62
16 87
104 82
109 7
69 102
11 39
109 113
91 18
88 43
110 115
75 117
23 54
6 44
20 39
98 57
97 115
49 71
81 43
22 39
28 64
98 25
118 8
109 111
20 46
46 48
114 118
37 78
59 65
66 96
65 106
34 50
59 66
52 10
58 75
38 63
13 85
96 22
49 6
114 60
99 56
99 117
93 77
47 94
21 102
96 115
64 113
99 49
78 33
31 100
52 23
61 86
113 95
106 116
54 3
16 95
103 61
83 49
49 4
96 11
8 92
57 103
22 52
21 94
59 10
3 34
87 96
110 44
31 33
44 47
53 112
82 83
112 47
4 54
112 39
98 13
28 65
1 10
57 98
49 63
25 99
26 84
8 18
55 110
106 74
12 51
113 65
64 6
67 119
44 121
107 121
8 50
100 41
34 42
59 113
20 44
73 37
97 106
109 120
10 114
81 33
35 54
95 51
73 93
54 57
47 104
65 26
82 85
27 55
19 82
1 19
60 91
71 57
43 47
23 69
69 104
116 6
1 28
3 105
56 59
46 78
7 10
19 64
49 72
55 112
55 6
35 5
96 106
20 34
85 104
10 46
62 35
93 23
85 55
97 110
12 22
60 3
37 42
114 44
6 30
105 23
4 15
63 85
48 78
9 94
50 79
2 8
37 60
100 86
61 95
28 56
6 63
31 49
91 30
103 108
104 115
28 46
21 68
17 24
10 96
90 44
25 34
64 81
43 43
20 29
19 65
17 116
60 111
56 59
80 101
58 14
65 24
106 51
44 44
3 20
100 67
53 81
55 74
79 2
99 114
71 95
2 20
61 3
33 73
63 120
47 76
76 76
47 66
67 10
41 58
10 54
78 115
89 90
4 23
86 27
37 40
77 111
59 84
68 85
48 87
47 108
33 66
84 112
3 64
79 3
25 88
114 30
15 59
121 4
73 73
116 117
80 1
97 15
81 104
70 117
67 77
32 81
42 68
54 56
105 110
1 56
55 82
115 100
28 43
25 61
93 110
79 14
51 77
107 100
47 98
51 57
48 88
87 37
34 38
64 66
71 117
120 20
75 107
31 59
35 86
101 106
76 94
119 10
80 108
18 53
43 113
80 17
115 16
116 120
69 72
5 23
12 71
105 11
88 6
40 75
83 65
6 57
103 31
83 120
4 31
46 12
111 60
83 28
52 114
99 101
11 25
4 54
113 31
49 74
46 93
80 61
91 43
30 33
111 26
9 88
103 85
77 5
3 17
40 78
16 71
59 41
27 118
42 81
73 76
7 50
113 14
80 13
3 3
121 44
119 110
60 61
13 81
15 27
22 63
92 106
76 19
73 89
8 40
68 95
3 63
13 30
107 36
34 86
49 6
63 84
6 11
36 44
10 102
108 1
98 116
24 86
74 37
112 113
35 37
116 35
101 27
96 61
32 85
106 49
57 32
21 3
65 50
20 76
44 61
118 67
38 73
86 92
96 5
94 24
68 97
107 104
38 74
23 82
101 77
28 91
81 44
61 82
91 120
89 67
61 54
28 29
120 19
77 1
13 56
40 73
104 35
102 11
106 36
119 9
21 113
24 83
29 71
50 94
48 72
68 48
33 113
70 77
53 86
19 76
29 102
53 63
38 69
57 60
16 69
31 82
94 26
33 109
102 57
68 71
54 112
19 55
33 119
98 17
50 51
4 72
76 80
25 48
117 7
103 69
44 63
72 92
33 71
44 104
46 104
20 81
45 92
57 70
11 65
94 31
81 111
8 34
63 31
21 30
29 41
52 83
77 5
41 19
115 119
36 36
13 84
92 17
38 43
116 18
54 11
13 109
40 48
93 56
65 89
57 108
15 54
79 93
90 25
35 81
4 116
120 12
5 80
39 64
87 60
32 40
102 3
73 79
26 85
37 30
97 114
78 47
117 13
48 86
117 51
97 77
61 121
89 8
47 74
32 17
13 40
95 96
24 29
60 104
90 57
112 29
8 26
80 111
28 73
83 91
85 52
20 118
91 106
102 31
82 116
10 27
119 52
16 66
45 62
94 35
98 41
85 3
83 111
71 24
62 99
23 30
113 28
13 101
58 67
96 33
119 20
35 54
68 107
38 6
93 23
34 46
117 3
87 4
46 76
100 42
64 101
2 11
48 120
64 9
79 5
25 67
26 19
33 39
80 32
121 4
8 86
36 89
103 35
94 113
118 5
31 71
37 55
35 37
25 58
98 118
5 41
75 88
118 7
46 77
55 69
119 82
17 36
115 121
45 104
102 116
29 106
20 92
54 110
7 17
8 105
116 11
67 83
28 30
96 6
6 12
51 74
102 106
101 8
36 100
30 110
47 76
92 24
60 3
111 24
72 101
73 91
120 73
45 58
20 95
62 63
19 62
30 65
98 47
86 16
19 73
67 110
90 30
33 85
99 18
81 88
68 16
120 11
110 28
10 103
52 88
87 30
44 67
82 87
69 108
114 42
23 52
115 89
41 84
59 66
25 95
15 110
52 99
101 116
83 99
83 46
23 106
109 15
111 115
17 110
71 106
84 42
78 56
97 5
112 46
45 93
92 101
109 36
54 40
69 57
11 30
95 35
90 43
110 23
52 63
52 64
41 81
65 77
59 4
60 89
85 80
108 1
119 26
45 95
85 26
50 68
3 78
9 13
106 38
29 84
50 97
44 48
72 116
22 84
90 1
6 9
32 49
107 117
94 67
99 117
87 119
101 48
2 80
108 25
60 120
38 69
114 21
41 63
16 38
42 15
115 115
81 89
51 24
71 95
62 100
104 113
38 105
1 107
86 45
14 106
38 22
97 11
97 2
91 14
103 12
49 81
31 58
16 85
77 4
106 9
102 11
56 109
88 95
106 2
59 77
102 109
96 24
75 48
115 24
8 31
6 16
67 82
29 37
8 51
92 40
87 110
19 22
68 4
25 70
56 80
90 105
120 1
31 50
45 106
82 2
54 66
26 46
32 57
2 47
90 67
90 45
37 46
16 75
15 87
74 89
70 117
52 78
71 79
113 63
54 59
21 28
82 110
55 63
90 94
59 78
115 56
115 62
116 18
24 61
22 50
119 52
25 68
30 9
2 61
18 77
22 75
30 48
10 10
30 63
15 89
97 110
16 69
120 41
90 108
37 55
8 18
96 25
46 109
69 20
6 71
120 24
25 20
71 118
87 39
41 16
42 102
2 19
85 106
68 95
96 99
79 29
44 9
32 4
87 104
79 110
90 121
31 54
61 72
104 36
49 92
28 65
13 88
120 47
101 42
23 84
16 16
52 65
35 39
104 66
78 67
85 113
39 97
14 36
85 33
92 25
23 31
43 72
30 30
55 94
39 121
70 1
23 33
11 41
98 104
64 101
24 121
38 51
41 55
17 31
85 111
37 37
9 18
40 95
8 17
72 77
102 90
24 55
94 99
60 62
116 28
119 30
102 31
57 71
28 74
52 78
17 35
32 74
107 7
71 32
97 11
6 29
87 24
68 77
117 58
59 66
12 17
41 62
12 30
47 86
119 95
6 1
92 6
87 114
96 19
53 54
13 77
41 70
90 21
107 61
15 23
106 30
25 46
88 102
113 115
93 84
5 67
101 29
14 39
79 28
51 103
31 90
48 118
109 18
77 15
16 22
13 95
110 7
121 104
45 8
105 58
55 102
82 103
3 59
13 66
49 58
39 89
57 20
46 66
58 106
79 89
68 74
67 92
99 108
25 35
78 50
33 103
26 33
47 117
108 113
72 7
103 108
90 1
32 92
105 27
40 45
101 7
74 97
89 9
14 85
118 22
97 5
27 43
46 53
70 97
18 39
40 46
71 97
108 66
104 1
102 119
31 105
51 64
34 120
31 40
110 6
88 105
57 59
75 112
52 111
117 34
65 90
102 6
9 36
105 12
112 38
109 112
2 9
45 80
14 32
22 83
84 89
13 97
71 33
1 8
94 2
104 1
23 68
1 49
76 108
16 118
121 10
49 110
49 56
91 95
77 101
24 69
94 107
102 55
101 60
26 12
121 13
94 14
66 69
121 34
31 86
84 105
45 86
13 76
121 26
109 110
45 77
112 56
53 70
67 8
18 30
118 7
75 4
119 12
18 58
53 90
37 49
85 114
60 106
111 69
10 29
1 18
45 110
69 98
56 118
11 26
53 80
66 103
36 51
14 85
93 102
86 65
84 63
33 97
12 27
120 12
46 10
7 70
80 114
48 115
48 75
113 8
86 2
70 82
57 11
20 73
4 79
91 108
23 76
113 66
102 118
90 8
8 67
62 114
49 60
17 66
88 11
86 99
106 3
48 81
19 100
90 99
50 91
101 73
11 11
55 9
28 76
109 73
99 104
73 116
103 2
95 12
23 40
11 13
63 105
20 114
84 113
89 1
69 93
90 34
78 16
114 13
46 53
98 2
1 12
66 93
39 45
97 68
81 28
42 50
78 114
66 74
108 18
25 77
11 11
73 79
90 107
66 15
47 2
29 42
63 91
10 19
64 105
16 18
77 22
91 104
70 102
57 65
84 3
86 113
85 90
90 36
71 93
23 59
71 100
46 99
77 19
33 54
9 37
61 107
60 36
5 48
80 91
113 65
33 52
3 78
29 102
3 63
47 53
83 116
7 35
70 26
51 67
67 86
113 107
39 53
65 78
74 25
19 34
49 116
95 106
64 111
18 82
21 62
70 78
95 22
17 77
110 116
77 15
114 116
85 6
64 69
79 18
7 92
93 106
63 83
10 66
19 55
67 40
99 106
14 64
93 109
98 22
85 56
48 111
84 20
100 27
79 6
117 2
87 107
63 91
34 90
15 47
65 116
79 121
45 70
32 55
117 23
86 109
90 98
36 79
102 1
77 7
35 85
32 89
45 53
38 69
90 113
23 35
8 43
33 36
15 42
114 76
92 55
25 42
92 110
43 29
87 22
77 92
98 47
24 34
49 46
35 38
88 108
40 77
74 91
115 65
49 99
10 40
62 80
36 60
29 50
50 60
108 48
112 43
60 9
7 96
44 61
33 36
108 110
6 63
83 13
115 40
63 3
108 26
107 77
114 29
116 2
113 20
92 33
40 41
97 22
110 100
95 98
105 109
119 28
30 33
72 91
78 45
96 13
17 21
58 8
76 60
115 93
13 21
14 25
89 4
93 24
101 39
47 66
17 76
110 56
38 44
71 23
32 64
83 30
60 2
105 50
8 35
27 33
76 13
75 92
92 18
23 29
46 59
48 112
74 9
104 5
3 35
110 120
105 121
120 55
78 35
73 43
74 103
113 114
99 57
106 50
101 35
120 3
30 95
68 19
43 114
82 85
21 90
85 4
69 113
12 107
64 72
53 68
96 114
86 68
95 44
46 115
70 78
26 117
75 83
101 52
15 26
64 76
59 72
87 33
77 110
70 75
83 117
64 58
72 91
52 107
69 4
107 7
49 110
63 63
64 102
87 89
19 27
6 11
84 103
91 66
71 76
121 16
39 59
83 84
34 76
34 77
101 34
20 38
10 58
112 30
65 117
29 69
30 54
42 59
89 91
4 82
23 79
89 99
90 25
69 15
106 107
94 111
32 42
99 3
59 89
51 107
108 118
19 43
36 85
87 77
81 97
6 8
93 24
67 2
55 19
55 6
35 76
38 82
32 68
48 48
88 12
106 121
61 19
25 61
74 7
54 82
110 55
101 28
72 99
49 12
30 110
99 64
65 100
3 47
99 49
80 32
31 67
44 80
120 98
52 54
103 38
111 56
107 60
76 97
50 90
116 66
119 45
32 67
52 75
43 57
103 113
46 76
46 104
4 37
82 92
79 80
58 72
5 30
108 77
28 60
46 62
81 121
31 46
14 39
86 6
45 92
85 89
67 69
10 47
88 117
86 98
119 13
57 66
44 70
94 62
112 1
103 5
96 87
77 85
5 60
94 113
28 114
70 82
1 10
102 8
20 61
77 25
90 20
93 2
21 44
71 75
100 117
96 110
15 89
82 43
88 107
58 121
58 65
19 95
25 62
36 105
105 5
64 36
97 15
90 59
81 52
14 18
44 65
93 8
101 62
87 90
3 97
108 4
4 70
24 70
107 15
91 1
116 48
19 24
22 54
70 82
89 51
16 30
43 79
109 47
32 80
87 54
67 91
23 2
19 115
33 73
54 55
39 45
84 121
104 9
95 96
72 82
77 115
81 17
10 91
2 52
97 32
55 77
29 76
2 33
11 72
8 46
6 27
35 114
82 90
23 65
96 3
18 57
81 70
101 121
107 56
74 36
35 43
13 62
34 53
76 106
81 108
102 83
77 17
65 71
81 91
17 28
42 73
35 17
27 8
89 38
48 42
106 21
116 25
65 105
69 99
69 110
16 109
83 92
43 101
43 73
41 20
104 70
34 83
35 9
34 115
67 71
70 86
116 6
86 95
36 63
12 73
28 58
75 9
118 4
49 88
16 18
119 18
15 98
99 19
58 22
102 64
92 112
25 45
1 11
40 3
40 46
63 70
72 21
113 73
111 18
84 68
119 33
89 89
11 62
76 87
109 101
94 51
26 40
69 121
90 99
110 6
68 93
114 37
72 108
120 76
17 45
10 22
47 65
27 120
108 5
105 86
32 34
104 17
26 91
24 39
18 28
39 43
96 103
30 62
104 45
99 71
63 64
35 62
2 39
67 18
5 58
107 107
100 40
87 6
17 6
19 55
107 82
98 44
65 70
94 105
116 71
10 15
76 80
16 39
73 19
7 40
7 62
33 99
107 1
90 29
75 2
88 105
42 111
66 71
99 104
69 116
93 42
70 120
40 80
89 110
107 47
1 45
99 20
6 10
4 119
80 37
70 9
7 45
46 95
49 91
112 56
3 46
32 80
28 92
22 31
58 43
29 38
10 64
105 55
71 119
90 3
26 60
91 94
107 33
86 36
3 84
66 104
14 23
92 12
33 47
43 64
102 104
117 81
7 78
45 84
66 42
75 6
110 6
96 13
61 109
62 71
98 21
12 8
116 76
118 60
79 92
100 37
77 111
42 113
7 87
85 14
105 2
19 95
54 83
119 63
59 72
5 106
115 8
26 118
79 80
99 17
4 15
22 5
34 34
85 29
47 107
92 5
108 108
39 49
110 114
89 31
61 31
84 6
72 89
82 109
47 80
45 84
103 12
79 81
36 52
56 81
104 106
117 59
67 120
120 66
119 22
1 6
11 36
40 56
58 102
23 36
83 27
59 71
71 102
64 78
7 15
30 38
30 103
76 114
91 98
97 52
92 113
103 39
37 82
72 114
34 69
41 20
85 19
120 38
11 71
81 93
85 40
41 102
6 51
15 74
65 33
116 23
73 42
29 48
59 81
57 76
114 1
38 78
101 37
56 87
80 101
87 106
23 36
82 69
73 118
3 19
1 50
31 56
66 75
110 110
47 50
32 77
6 9
87 20
101 109
81 102
37 79
102 38
59 113
72 107
44 55
61 27
23 29
73 101
112 46
104 14
13 2
8 93
20 43
68 24
9 58
115 74
117 41
78 106
103 115
97 105
64 64
102 13
15 72
119 51
117 25
31 43
89 114
91 4
83 113
13 64
41 74
69 77
82 100
25 58
24 70
51 51
99 56
36 47
44 46
21 87
43 80
11 30
93 96
82 83
85 110
2 42
79 35
95 118
83 57
2 8
18 82
14 21
45 74
8 29
44 65
119 56
119 44
7 9
109 40
22 34
27 57
40 79
59 28
95 81
77 81
64 14
70 92
33 37
97 101
13 22
60 103
67 10
18 64
116 70
92 40
93 36
4 44
35 35
99 3
36 51
91 35
47 109
49 71
94 55
101 112
106 12
46 108
55 61
44 76
29 51
115 60
104 118
121 64
92 111
110 70
7 83
118 20
33 41
109 112
57 88
80 13
30 35
51 62
100 51
84 35
48 62
22 56
92 16
21 40
6 48
67 87
28 73
121 2
116 63
11 80
42 10
67 22
17 61
112 97
32 46
3 76
115 23
66 71
63 11
67 99
111 19
50 101
13 17
41 62
62 70
22 99
51 60
88 88
8 23
1 24
33 36
10 41
40 71
73 90
65 97
32 109
11 35
96 68
50 89
85 44
11 51
91 96
52 96
96 100
52 76
110 9
53 61
29 75
4 45
34 66
39 74
65 68
49 102
8 47
10 54
7 15
21 77
117 8
36 12
104 12
53 108
109 5
40 73
21 28
37 98
51 85
6 82
11 56
78 88
42 110
63 79
38 40
74 53
105 4
49 66
12 71
95 69
64 94
10 46
116 69
22 37
44 45
113 5
81 22
13 66
57 71
25 58
30 32
67 77
90 29
54 60
82 29
44 92
105 96
6 66
17 34
26 49
57 43
52 2
97 2
106 24
80 40
99 56
9 47
16 20
61 7
106 24
71 78
43 65
11 80
30 34
75 35
76 21
36 49
17 38
67 109
81 113
73 11
15 73
14 37
108 5
65 67
86 109
109 23
121 88
82 47
104 17
3 106
97 108
97 120
46 81
89 11
4 27
95 69
13 52
25 82
111 4
69 61
104 46
32 38
89 120
106 5
80 83
51 25
90 113
52 4
26 39
38 5
93 109
109 54
26 57
41 54
79 22
42 90
90 103
19 56
39 16
34 50
1 9
118 35
45 52
18 89
38 38
110 12
119 73
108 118
4 65
99 103
83 61
5 72
121 96
55 69
50 67
25 90
114 65
46 74
115 30
72 41
97 118
109 115
104 22
69 84
116 120
23 68
108 15
12 14
42 49
93 97
108 121
17 30
37 92
76 113
73 1
41 43
46 108
32 75
95 102
12 15
13 113
90 106
24 87
48 35
9 105
119 96
102 14
4 35
59 63
7 100
21 45
84 103
103 36
111 75
42 70
53 121
85 15
32 54
80 112
96 42
101 70
103 114
30 93
42 52
65 4
66 83
1 10
71 77
73 74
40 50
36 62
97 104
21 115
61 82
72 111
16 24
86 117
92 99
71 106
108 111
44 24
49 52
27 47
61 111
90 119
49 83
9 18
99 61
40 63
8 66
28 56
11 50
12 89
99 68
21 87
55 77
7 24
24 80
49 105
68 36
84 95
12 79
50 65
103 55
48 65
113 10
56 79
112 57
94 34
11 46
34 61
118 121
28 105
112 118
114 57
103 15
72 76
99 38
2 8
106 120
59 64
81 23
82 89
48 103
107 2
72 109
105 34
17 67
72 112
121 121
70 117
53 58
91 97
38 42
74 38
13 53
48 64
100 3
52 119
11 63
101 20
43 54
92 97
109 38
49 106
103 113
35 79
87 41
74 75
74 83
116 36
121 2
79 98
58 96
73 20
108 40
9 18
82 30
114 57
41 23
103 1
96 36
100 71
43 121
81 23
77 29
108 70
82 86
7 60
37 86
111 12
40 60
65 25
14 21
33 89
6 45
54 86
84 10
98 115
107 62
118 8
11 120
115 2
48 94
13 48
82 3
116 31
43 72
105 7
40 81
90 35
111 91
117 9
96 46
91 9
25 29
61 72
114 15
37 64
101 32
52 72
95 76
87 33
26 56
23 42
35 41
110 91
80 41
37 111
38 11
84 86
66 84
59 12
58 116
62 109
98 13
20 28
104 115
25 55
41 62
87 102
13 62
10 76
20 34
89 2
105 6
30 38
58 17
10 104
103 26
20 56
17 78
54 118
42 57
38 83
80 118
98 29
59 60
109 2
79 96
10 29
89 57
86 118
25 120
115 21
54 55
61 103
14 15
25 71
23 53
79 19
68 73
38 58
41 84
59 13
105 110
3 10
110 80
99 99
121 25
76 1
96 113
63 28
50 120
25 113
67 35
49 64
99 11
62 85
120 6
97 9
54 59
78 86
23 32
48 64
120 56
49 115
59 119
82 108
70 76
103 40
90 67
16 53
79 110
65 82
63 85
119 46
95 44
121 82
19 33
114 115
19 65
82 119
15 39
110 64
79 86
78 90
46 46
55 113
39 39
17 30
104 66
25 85
77 109
37 83
86 111
33 80
10 60
76 116
42 1
94 30
118 12
36 90
14 25
33 42
95 57
58 14
72 86
39 45
78 93
89 61
92 119
100 72
116 29
103 5
115 48
104 53
14 58
80 22
106 15
52 87
112 17
119 86
50 84
19 31
20 51
56 65
53 55
61 29
13 33
67 113
35 111
45 35
32 48
41 49
12 56
34 49
9 91
22 53
102 108
95 23
59 31
58 100
40 47
82 33
13 13
107 19
102 23
2 39
108 4
68 31
53 60
113 48
10 74
83 109
21 59
86 107
21 113
39 25
42 26
53 19
52 99
31 78
99 36
13 81
18 61
56 85
65 70
18 33
13 62
66 68
76 28
93 7
17 82
65 84
52 73
67 84
13 109
59 82
4 62
2 80
95 33
16 96
120 40
93 81
107 118
93 37
8 104
55 96
65 117
50 98
16 16
24 91
70 51
18 19
18 30
36 98
10 21
21 50
100 10
69 34
1 11
37 84
36 96
87 30
13 42
93 5
34 120
81 48
67 117
8 23
92 118
21 63
84 3
76 78
14 19
9 94
76 102
3 20
69 93
38 72
33 49
82 13
32 85
96 20
101 32
27 58
27 81
88 59
16 81
49 67
37 39
81 96
93 106
77 105
92 55
121 25
82 49
22 87
7 80
50 61
84 118
22 1
35 42
68 120
48 77
120 73
18 59
72 62
99 73
96 52
44 84
93 21
14 38
13 16
6 19
8 87
93 98
55 113
117 71
14 27
51 113
90 93
93 44
87 105
33 44
83 105
24 74
118 32
70 24
93 52
116 20
100 110
40 96
96 66
5 101
109 65
79 83
83 45
14 48
99 104
66 115
60 61
31 45
108 12
35 58
68 87
120 84
50 16
55 113
13 61
57 57
97 98
13 24
21 38
28 86
42 102
22 73
45 109
60 95
38 65
117 4
116 69
73 112
55 74
100 108
48 79
82 113
5 52
3 67
51 82
39 83
71 32
70 21
120 13
17 59
103 51
89 117
23 102
111 6
30 45
33 92
32 55
70 103
45 45
78 8
75 79
108 5
85 26
21 78
2 19
78 85
78 102
74 86
69 102
115 119
71 90
30 41
114 40
118 37
45 77
6 44
94 88
92 105
7 23
15 49
51 60
120 26
72 79
46 95
62 88
112 117
56 81
116 50
56 78
96 6
22 8
95 38
42 55
108 47
22 62
2 80
39 89
119 43
120 121
103 57
51 109
32 110
1 33
55 93
87 40
45 55
93 96
106 27
105 113
95 26
111 46
114 69
10 17
88 12
28 65
3 111
55 98
97 102
99 110
34 17
60 74
3 3
46 47
2 20
103 7
60 79
22 24
94 16
60 98
103 18
118 6
74 94
115 41
6 59
83 63
105 6
11 17
120 31
105 94
91 116
32 65
16 54
80 13
71 45
95 15
84 32
103 107
113 9
103 76
5 8
114 31
34 78
101 21
96 5
67 95
18 41
43 67
105 42
84 88
44 2
98 10
26 63
114 60
66 93
82 29
60 82
119 110
118 15
54 115
13 45
28 31
15 33
41 47
23 63
114 17
65 86
37 41
85 105
40 99
17 81
105 121
70 15
26 56
55 70
99 13
32 102
85 114
83 115
2 17
47 110
48 53
47 89
116 61
88 9
34 70
119 19
77 86
59 85
87 37
39 117
119 28
121 80
38 72
26 44
3 26
6 7
21 102
51 27
25 68
119 56
121 24
50 108
48 104
71 13
68 109
95 79
62 72
100 1
73 81
41 120
102 42
85 11
117 69
75 45
83 117
74 11
85 38
57 67
21 80
57 75
68 20
40 69
41 51
111 58
10 63
35 58
95 42
59 7
82 96
58 67
109 117
32 50
81 87
31 58
43 49
120 73
17 46
76 49
26 52
90 17
107 75
10 93
22 82
88 15
82 119
57 115
101 49
33 103
61 27
109 120
98 67
24 14
103 111
8 46
78 66
57 68
102 9
22 42
113 42
44 88
113 56
39 83
96 35
83 112
56 73
45 65
53 109
22 34
6 33
44 10
42 15
18 117
114 39
75 51
34 94
103 48
35 62
55 118
32 70
81 42
69 89
35 42
12 34
89 116
86 112
40 17
34 59
7 97
20 68
33 77
28 76
49 4
28 31
27 117
77 89
56 14
67 110
21 34
85 11
50 81
87 13
120 7
37 13
63 102
39 69
19 63
27 48
57 94
75 33
113 38
89 10
89 111
38 9
67 3
68 16
7 57
62 2
110 2
89 121
106 34
120 49
59 115
66 70
83 11
44 47
93 93
98 8
11 57
27 46
72 39
101 26
63 46
80 82
69 83
118 4
76 96
29 40
2 27
12 17
15 30
61 70
38 57
117 121
33 46
34 79
58 6
29 79
17 51
115 89
61 110
59 92
120 24
108 33
48 78
63 64
96 84
107 18
30 60
3 6
111 20
31 112
70 104
93 41
101 13
8 95
106 111
58 74
31 37
3 102
49 74
93 100
21 62
90 13
36 15
84 38
65 90
67 79
29 47
55 69
21 48
62 97
107 45
84 109
6 53
79 108
21 48
25 99
8 76
22 46
43 68
101 10
89 101
52 89
75 109
118 69
77 101
68 117
73 13
75 49
52 6
87 59
42 67
87 25
64 82
69 7
78 100
97 108
85 117
29 55
28 77
35 51
38 47
5 42
101 23
77 31
63 83
28 86
86 108
14 28
12 69
115 22
99 22
106 14
14 64
12 12
39 106
74 107
45 9
107 117
22 25
52 65
45 3
112 26
41 94
77 84
57 101
54 21
6 22
77 15
112 11
61 87
56 82
101 2
83 89
67 87
108 97
42 82
120 103
106 14
17 64
31 77
8 29
28 99
111 14
62 64
6 22
68 93
9 66
18 106
21 66
24 37
74 111
24 58
10 11
92 62
74 18
92 60
72 75
16 67
64 90
21 69
13 14
21 111
85 46
22 105
58 109
3 55
87 11
39 91
89 3
55 74
86 14
92 6
25 38
75 10
85 50
40 110
29 120
33 38
49 50
68 74
18 79
21 30
31 49
23 74
11 62
81 120
76 32
71 98
3 110
121 30
24 90
65 77
106 4
95 63
7 40
80 93
66 93
52 105
60 105
75 98
6 17
95 109
94 12
43 106
99 44
97 74
91 115
117 19
82 104
83 114
36 9
61 91
8 80
69 81
28 28
98 115
58 103
20 66
14 16
71 103
80 25
108 68
117 20
66 91
116 12
2 13
84 56
118 120
108 71
80 89
38 47
56 8
59 3
14 75
104 26
115 61
84 38
69 89
45 108
75 12
24 83
11 80
69 74
90 33
51 99
42 51
10 17
97 97
51 51
79 84
98 36
100 121
90 9
28 90
83 102
55 14
53 7
86 29
39 93
2 42
36 114
19 39
49 84
114 117
10 39
85 1
115 32
50 87
89 11
121 69
21 45
6 75
90 4
41 73
44 103
46 90
45 51
46 1
2 11
43 58
87 11
79 105
51 61
28 28
52 64
72 117
16 16
101 17
41 46
23 85
39 58
4 17
93 39
73 31
98 98
69 73
26 85
5 27
57 92
48 79
109 14
83 121
93 94
5 26
2 45
16 80
116 76
68 78
109 26
14 56
49 2
114 115
5 46
43 3
112 16
118 13
80 81
22 59
65 113
117 32
105 117
8 45
68 11
79 44
93 13
120 50
115 118
64 108
60 89
93 111
78 115
32 85
36 57
45 52
2 51
93 46
38 121
94 47
37 13
49 2
23 53
80 55
96 110
99 111
58 87
70 92
103 40
13 16
18 75
117 22
115 49
73 96
118 37
80 108
77 18
7 75
41 103
84 22
121 70
28 52
44 93
83 114
54 28
53 69
75 117
52 60
10 83
72 54
54 60
62 97
47 58
21 43
1 93
109 23
8 32
52 121
12 15
17 17
54 98
38 112
37 63
72 56
62 116
61 105
94 2
101 112
16 37
94 9
3 14
6 28
71 71
89 63
67 84
41 88
57 50
91 43
15 19
47 60
92 72
41 85
1 28
51 74
63 66
63 69
17 120
60 27
75 76
101 96
58 101
69 87
21 58
8 65
2 81
105 36
52 68
44 45
1 16
2 40
94 66
57 57
116 15
68 75
13 15
12 87
102 113
78 112
78 88
62 113
88 88
49 51
5 27
99 31
121 4
107 57
50 61
117 38
31 88
82 106
98 34
115 118
62 22
121 31
59 104
52 59
75 79
97 29
71 71
96 29
39 61
11 29
24 90
88 103
26 77
111 41
50 33
7 12
3 52
66 69
39 63
88 114
113 11
91 64
34 21
110 65
31 32
14 72
94 17
37 52
76 61
94 106
117 35
11 51
27 116
36 108
31 62
11 19
15 33
77 33
97 18
118 120
66 27
28 49
80 41
121 70
102 10
9 77
66 86
8 27
50 83
41 85
103 23
103 113
4 6
16 94
12 64
47 64
42 56
31 111
104 47
111 21
20 90
112 44
41 78
94 5
25 63
87 97
37 65
108 55
46 101
101 14
86 95
68 103
15 87
71 43
86 76
93 107
84 96
49 11
65 75
38 39
11 20
65 73
109 1
100 64
87 113
117 120
24 48
100 106
111 24
29 34
8 23
73 10
103 35
44 71
100 75
68 109
50 60
80 42
43 45
33 37
112 119
27 9
67 25
27 54
18 49
100 41
37 83
50 59
23 37
81 98
83 16
49 11
74 95
27 31
81 18
6 38
16 17
62 84
80 89
40 49
7 85
4 39
7 72
40 20
71 113
121 17
119 28
108 17
55 110
84 114
29 90
34 100
107 47
111 44
54 38
29 64
114 31
55 71
59 3
86 104
47 75
88 101
75 4
71 101
107 3
110 18
16 43
61 93
2 26
70 70
90 36
85 12
100 116
85 39
73 111
89 108
67 112
81 91
105 59
85 88
36 46
46 61
95 47
37 59
36 41
65 110
115 4
104 22
16 45
30 46
84 23
16 17
101 114
69 17
98 106
21 33
97 15
45 16
3 33
111 12
36 65
71 96
27 43
57 25
59 39
10 19
119 33
55 77
31 69
103 25
52 63
106 29
60 66
45 50
95 116
104 81
12 48
117 86
84 103
39 78
22 39
10 100
31 32
105 71
28 31
51 87
118 44
108 108
71 24
98 17
2 72
91 106
78 84
118 24
93 22
90 90
82 84
78 118
71 31
53 114
22 64
62 62
96 29
74 80
30 15
109 53
77 58
107 68
23 35
23 69
110 120
30 44
73 119
44 86
54 1
57 114
84 111
63 86
47 90
63 118
8 32
47 75
65 27
107 112
7 43
52 94
91 27
35 77
71 102
46 78
1 9
52 116
26 96
55 56
109 61
36 114
29 17
66 83
95 71
96 59
55 19
29 97
98 114
71 98
46 68
14 19
69 4
119 52
23 57
83 49
113 27
63 74
17 20
103 114
6 17
28 47
15 16
80 113
36 90
113 11
58 66
60 63
23 65
1 60
96 20
116 44
60 64
35 59
85 2
62 116
111 13
93 99
93 115
89 92
61 77
4 30
42 80
77 11
104 107
34 56
96 34
100 25
81 28
24 25
47 74
11 65
117 16
73 94
19 36
58 20
38 6
70 119
117 15
46 87
44 17
105 121
45 48
12 2
24 81
99 44
54 57
107 14
121 55
76 114
28 47
39 42
15 25
119 83
48 56
41 74
99 47
109 118
38 73
111 111
97 104
83 94
68 89
104 17
16 29
87 17
99 117
109 16
30 65
52 100
100 114
63 9
110 111
19 20
40 42
120 83
11 113
47 97
62 96
51 90
102 24
87 2
52 95
49 107
102 114
25 32
73 118
12 87
116 118
113 22
102 116
9 49
83 87
118 25
68 40
87 57
92 7
41 59
8 56
91 120
87 120
53 94
90 19
34 114
103 115
103 59
28 62
4 14
99 115
39 13
5 12
20 1
69 24
45 86
16 40
14 34
5 38
93 11
41 42
14 32
49 92
107 51
11 25
32 58
62 11
92 118
22 46
38 60
56 83
17 98
50 86
118 94
12 58
105 72
57 63
107 115
34 92
94 58
120 16
23 65
20 89
49 109
6 107
10 12
29 44
73 100
39 116
65 87
87 26
84 42
8 72
85 67
76 2
67 93
8 21
44 59
22 22
113 26
4 12
44 54
44 106
102 121
47 5
21 32
61 95
109 28
2 41
52 76
121 34
72 8
26 39
59 85
56 49
28 33
70 18
97 20
84 115
60 100
6 47
72 109
104 44
10 26
73 44
29 40
61 83
68 116
85 87
1 34
97 98
75 103
65 81
45 71
107 116
26 51
88 23
21 21
83 24
59 12
4 94
69 83
24 49
31 86
29 55
63 92
59 78
92 100
6 63
24 40
22 68
92 72
4 59
7 7
83 109
2 41
56 108
13 61
64 20
46 78
41 41
69 73
96 117
55 38
120 77
105 38
22 28
62 65
11 98
32 71
116 120
32 33
30 50
20 86
58 91
65 87
65 2
31 47
47 11
119 121
52 72
76 121
94 33
65 84
56 88
98 26
35 84
46 119
63 73
6 21
7 40
26 103
11 59
103 4
18 83
102 34
4 48
52 71
52 44
83 113
20 84
20 102
77 91
61 103
41 82
85 16
10 18
100 45
113 119
103 42
78 100
5 19
119 44
39 106
105 64
24 47
85 30
40 99
69 79
72 80
49 2
87 19
60 112
44 57
26 39
107 2
92 115
27 37
53 7
11 22
26 37
110 116
73 117
21 72
32 86
2 48
54 73
114 13
81 93
101 20
47 60
51 57
14 19
42 48
36 82
38 60
115 66
64 16
33 43
92 6
118 54
51 69
119 35
53 54
116 25
73 111
4 11
71 44
84 21
55 86
96 26
87 89
48 66
41 98
47 113
1 18
118 12
100 8
46 54
59 17
99 100
55 94
91 96
58 9
15 60
104 1
56 10
81 86
108 59
54 119
35 46
81 27
13 85
59 100
100 17
19 26
99 105
42 69
62 93
10 55
86 20
73 86
61 99
82 23
48 73
24 79
49 56
72 78
26 92
13 58
115 37
105 111
113 23
6 26
63 74
100 114
119 70
92 63
67 10
64 59
2 8
40 4
2 57
87 104
52 90
98 48
12 38
84 108
15 57
115 5
77 94
54 88
99 115
16 49
75 89
39 95
55 59
56 75
46 51
18 116
107 108
76 100
119 77
48 114
104 19
67 6
107 22
12 26
103 87
25 59
40 111
45 22
83 100
7 57
30 41
4 50
38 66
114 13
14 118
63 75
115 25
31 74
61 65
107 4
16 22
43 44
66 73
52 55
98 117
111 29
34 105
110 46
24 34
7 79
43 80
94 116
115 9
77 113
32 39
113 54
119 5
63 9
100 75
33 41
19 62
68 68
80 80
33 93
53 75
114 31
63 66
81 116
7 33
60 86
15 67
119 57
44 92
81 86
109 10
9 14
24 39
4 13
86 109
3 7
99 101
108 30
30 63
15 55
6 23
118 88
76 56
22 50
10 112
5 47
89 110
14 52
112 63
80 108
29 43
77 107
78 38
99 19
7 33
106 40
96 33
35 59
65 102
83 30
95 5
102 44
69 72
9 58
68 17
115 18
105 8
14 96
42 95
119 120
108 14
14 34
69 59
98 101
112 97
20 29
50 76
3 3
77 6
121 2
92 101
10 108
102 102
43 92
63 72
119 8
102 14
111 18
9 42
78 90
13 64
10 34
110 32
29 30
53 101
84 84
71 13
98 48
119 68
93 102
1 55
30 103
3 46
114 6
25 28
24 56
30 42
95 13
58 65
29 50
10 37
22 70
73 43
91 98
55 22
24 96
115 56
86 112
79 90
81 28
22 72
32 53
107 118
101 116
1 84
46 15
116 21
101 8
66 78
68 114
5 32
66 3
30 46
16 37
41 62
33 94
59 109
93 109
74 10
67 76
6 49
119 12
25 42
121 31
87 94
26 45
45 71
82 93
98 41
57 78
115 55
37 90
49 65
50 38
22 45
90 11
59 33
51 117
64 31
91 91
56 113
26 65
83 104
67 91
3 35
120 78
114 26
105 50
43 58
80 22
106 121
5 26
12 48
74 22
46 97
91 113
19 42
19 93
12 100
80 105
106 22
59 28
84 11
6 45
65 93
42 75
26 66
106 114
76 22
58 70
12 33
58 108
73 70
73 12
108 54
108 110
27 72
49 82
12 29
112 115
88 39
105 30
107 116
33 48
110 90
30 66
79 47
15 73
63 84
33 81
89 23
88 39
6 43
118 44
62 65
58 87
95 16
118 28
41 70
34 115
10 48
58 77
41 72
7 11
103 2
75 10
31 62
43 7
10 59
66 96
20 111
39 32
89 109
59 84
22 13
112 24
105 7
36 75
88 34
111 2
46 119
49 12
93 11
96 31
120 12
107 84
28 41
94 59
27 47
43 115
5 83
29 104
82 41
111 58
86 101
25 50
104 13
43 61
30 44
34 71
106 50
17 72
91 63
38 79
38 93
43 113
98 81
72 48
53 69
54 71
73 99
67 116
17 62
108 9
54 103
4 22
8 53
105 54
116 3
103 32
17 19
12 49
78 42
73 121
116 4
70 85
48 120
62 10
57 62
16 19
93 95
10 19
13 23
59 86
28 28
47 5
81 29
16 87
92 10
79 93
6 25
33 84
60 70
117 55
14 60
118 83
10 88
63 75
3 15
57 58
38 80
12 30
75 118
17 23
16 61
94 33
55 86
5 10
45 56
3 67
16 68
58 100
51 21
65 74
116 28
34 99
14 69
50 91
104 114
43 105
16 52
107 28
5 27
62 93
116 11
104 117
27 87
54 91
23 121
108 75
93 52
12 37
34 121
46 68
15 33
84 88
2 38
73 28
18 25
47 73
23 93
98 118
79 91
50 78
40 41
45 107
1 22
41 61
80 102
70 102
25 66
77 84
99 102
78 9
41 54
107 28
14 98
15 83
6 53
120 13
32 106
23 75
77 9
41 10
55 93
50 68
30 8
21 26
37 91
89 119
113 25
54 96
25 73
26 58
1 51
101 113
36 54
63 94
9 70
71 90
90 105
96 98
11 98
113 75
82 21
103 64
94 26
95 11
48 96
80 36
119 51
84 113
121 38
101 78
52 95
96 39
55 84
17 51
25 34
60 121
56 62
37 43
2 108
20 111
1 22
103 114
106 108
33 69
121 113
30 32
94 1
31 119
52 99
98 2
84 52
37 53
48 73
88 108
74 104
72 80
59 70
81 91
74 31
49 53
89 100
23 36
44 58
8 55
113 17
11 19
91 106
12 47
86 104
102 71
92 118
16 22
90 115
33 73
62 78
112 16
82 9
106 105
79 92
75 107
18 41
8 22
68 21
51 64
107 20
54 64
49 59
29 62
96 61
111 121
32 51
98 105
10 44
97 113
114 12
61 71
44 94
68 107
52 97
28 82
41 62
96 120
30 110
106 107
89 20
104 39
36 20
49 99
39 56
4 34
54 79
72 72
13 22
106 114
39 84
74 106
4 6
93 29
49 50
48 107
119 14
119 57
47 59
120 61
85 102
117 55
70 118
21 37
82 95
89 105
110 114
72 78
92 17
84 106
10 90
91 41
15 88
60 4
80 41
26 37
41 41
108 19
75 81
43 50
19 74
66 92
73 17
44 79
91 30
85 38
101 103
98 4
16 48
88 31
96 97
2 34
94 51
78 12
40 77
86 16
64 107
12 14
79 1
94 12
53 53
45 75
11 68
65 89
114 23
4 77
27 100
110 119
54 96
76 83
66 110
29 50
13 17
32 83
9 75
107 44
121 66
60 68
49 36
19 1
119 28
74 93
92 96
16 67
21 77
51 38
67 103
21 21
80 96
64 88
110 18
16 33
9 98
18 23
44 81
28 72
60 62
34 112
117 24
56 70
106 18
95 73
9 10
75 101
22 42
60 83
90 100
71 109
71 98
82 11
22 62
103 26
100 112
86 89
4 24
108 4
119 68
34 101
20 20
116 47
7 73
23 23
117 51
85 2
58 112
63 53
24 109
59 110
58 86
32 48
74 78
37 9
68 101
23 54
2 57
107 25
28 119
112 121
94 36
87 121
2 65
75 16
65 81
91 17
78 89
98 100
44 15
82 6
94 57
46 86
37 69
25 66
2 47
77 26
5 97
21 40
109 45
25 67
108 11
23 91
7 47
60 64
44 47
14 26
79 40
23 75
30 7
24 93
118 66
47 82
13 106
116 26
9 37
74 92
109 114
7 77
69 27
90 94
1 8
38 60
111 51
20 62
37 63
43 89
107 15
93 6
43 48
116 27
46 89
106 61
7 37
94 107
113 26
111 50
115 5
61 16
113 64
92 53
107 51
40 82
49 51
21 24
2 14
14 27
86 113
60 94
94 30
33 52
9 60
60 15
107 56
92 100
100 32
15 77
94 113
71 103
12 61
118 45
35 58
46 89
51 78
93 118
21 33
49 78
40 97
76 8
61 71
34 98
105 117
17 33
77 8
61 96
116 95
41 99
18 44
51 103
101 121
82 45
20 78
110 68
24 99
89 26
18 27
93 16
46 66
26 102
109 85
84 15
8 13
35 10
19 65
120 29
107 6
64 88
117 119
68 80
19 49
67 18
65 70
105 26
61 11
93 12
26 70
13 16
24 71
118 83
97 98
108 19
86 113
78 84
121 45
86 1
100 110
1 22
19 25
118 79
40 52
58 99
12 114
68 105
3 55
83 107
119 11
71 100
59 110
8 99
12 14
11 50
25 48
1 9
107 49
36 79
63 11
8 58
86 26
62 94
9 68
97 104
27 9
52 88
105 108
111 3
55 106
5 20
113 15
115 8
14 69
61 104
91 43
26 37
118 12
81 113
56 110
66 119
92 112
1 4
79 37
120 18
2 82
25 109
28 65
104 113
78 115
66 69
72 113
36 45
19 26
44 89
32 91
77 28
93 107
12 117
103 112
14 38
88 114
49 85
21 52
11 15
120 37
45 61
73 96
107 34
88 56
84 114
93 18
85 77
23 57
56 116
74 89
99 111
91 95
81 13
39 60
37 1
72 22
1 3
28 41
45 6
90 70
7 22
98 20
116 90
70 85
52 92
18 99
120 27
67 27
120 18
77 53
104 118
27 68
16 97
99 6
67 117
87 26
118 5
4 18
54 76
103 121
64 92
3 58
85 6
29 38
75 112
64 110
51 68
9 83
83 84
35 96
12 40
55 109
39 43
73 97
82 26
54 56
27 69
29 81
4 20
53 55
92 15
44 78
48 92
87 98
70 106
7 7
85 47
9 15
43 60
87 35
97 105
74 2
85 111
82 54
63 20
98 2
41 74
32 35
89 117
69 107
33 34
29 65
76 1
115 51
43 96
51 30
26 76
28 90
87 31
27 77
108 47
71 87
116 44
112 32
54 29
114 33
100 106
108 31
41 106
104 11
9 65
97 2
72 113
27 61
19 29
42 44
110 60
26 86
49 86
92 13
60 25
10 33
52 104
5 25
52 81
54 65
21 27
94 112
104 36
43 59
28 34
41 98
62 26
107 39
75 92
81 95
17 107
27 103
10 12
94 36
34 46
8 62
62 116
93 44
90 42
56 3
109 64
17 32
93 32
68 75
115 17
95 118
111 5
80 30
15 101
78 18
121 26
37 42
76 110
58 38
111 3
40 92
80 103
119 48
63 80
40 50
8 27
5 40
6 52
92 102
51 111
119 63
70 115
15 47
109 33
76 83
10 48
111 38
73 26
56 29
88 16
61 72
106 106
75 97
48 3
67 69
107 70
105 117
120 19
95 115
71 31
47 52
30 81
24 74
8 32
54 121
77 5
93 43
97 101
92 119
57 66
48 72
70 11
51 30
25 47
94 25
35 66
113 76
110 30
71 63
12 88
99 105
23 65
71 41
16 57
107 66
57 68
109 51
77 36
18 43
27 32
27 116
31 80
52 77
116 10
102 78
58 92
98 16
116 93
12 38
41 67
33 54
37 70
42 90
110 25
84 15
19 44
111 69
70 82
37 64
77 45
23 45
107 16
72 28
5 6
33 121
26 30
27 34
64 102
90 113
11 53
27 59
26 84
119 105
108 5
65 96
114 56
45 72
106 106
93 111
17 60
90 49
113 18
58 88
65 117
91 118
113 74
72 101
62 21
84 38
101 102
111 44
60 68
11 36
66 80
112 117
82 102
47 88
56 96
5 70
73 111
88 95
58 73
100 7
44 95
72 93
18 64
87 108
36 87
64 94
101 21
106 22
82 117
47 102
121 86
5 25
47 58
5 71
21 97
76 85
107 42
23 54
97 9
1 45
121 66
6 52
50 75
105 13
71 29
64 108
46 101
91 112
2 56
74 1
108 109
111 4
5 44
73 36
105 29
108 108
38 58
119 37
56 79
39 60
12 78
87 91
99 41
101 15
40 65
7 60
91 26
114 18
27 45
111 112
33 55
11 21
120 15
98 6
17 88
8 17
90 108
19 102
15 98
50 51
32 95
69 119
28 60
61 5
109 111
100 32
13 112
34 34
47 80
4 17
39 113
85 12
116 18
14 27
119 11
17 32
56 75
92 115
71 108
30 59
42 76
43 89
52 76
84 34
87 101
16 90
17 99
36 42
75 31
52 106
15 25
87 111
50 52
37 43
29 56
105 34
13 31
16 29
54 60
51 78
16 23
62 90
32 10
113 37
58 59
62 115
61 96
31 83
120 27
8 55
12 12
43 108
73 5
74 76
72 80
98 121
89 101
77 80
84 86
1 29
106 30
50 71
86 101
95 50
62 108
2 25
117 51
74 58
60 98
54 69
24 26
24 70
58 67
113 25
82 29
109 79
82 31
46 80
79 83
56 12
9 78
41 2
35 46
38 69
20 28
45 77
75 111
9 37
31 58
119 4
80 103
32 34
17 37
5 111
41 16
43 98
4 60
9 22
23 1
71 118
102 43
103 17
100 19
52 103
46 4
30 13
77 90
48 89
15 97
66 75
105 47
108 64
120 111
51 59
19 106
15 53
84 25
10 35
44 16
61 23
68 87
25 74
3 15
113 5
68 102
73 34
101 3
24 39
48 55
33 63
12 43
77 106
2 78
99 66
41 77
12 29
41 62
83 3
114 66
72 120
6 8
36 101
65 3
7 69
74 77
25 49
5 48
61 32
67 13
89 6
72 20
16 73
44 72
42 26
70 55
82 69
26 75
29 47
90 90
56 16
76 106
17 42
31 3
58 92
15 103
20 44
105 3
6 9
1 34
78 111
23 79
60 73
96 62
69 29
34 47
117 64
36 66
74 35
74 96
23 64
83 106
39 62
107 38
98 18
10 54
52 65
88 44
82 109
96 18
52 10
110 120
47 55
72 28
47 65
63 4
38 53
99 106
100 106
103 22
117 1
2 23
73 89
82 65
92 24
113 37
20 88
71 84
7 13
72 61
118 29
53 59
92 118
118 120
81 61
78 40
93 95
73 108
78 84
85 99
117 16
14 2
33 90
15 25
5 55
96 27
87 119
4 36
98 24
20 60
71 13
86 17
10 78
49 96
25 29
5 11
32 67
68 115
48 61
40 50
32 60
117 119
85 121
61 11
95 19
15 84
27 27
30 67
117 118
2 52
100 119
6 20
2 103
86 21
76 80
32 77
33 66
40 102
30 77
116 2
5 25
79 48
6 10
13 29
75 78
18 92
40 91
61 81
52 80
3 14
104 113
30 53
36 74
8 49
8 62
21 106
53 115
84 92
24 85
89 104
55 63
29 74
102 23
105 6
52 113
87 94
38 15
43 78
85 90
120 70
22 105
79 99
47 67
58 60
24 44
100 105
8 19
84 109
69 38
27 105
1 30
76 97
112 9
54 104
15 71
81 117
35 38
108 82
20 118
95 110
34 40
73 97
19 107
81 86
94 101
39 58
111 117
27 52
32 37
107 28
102 108
77 87
92 40
51 40
114 39
101 33
97 97
3 48
68 95
35 85
41 88
120 53
39 96
90 103
59 113
53 107
102 106
44 93
29 58
104 7
91 91
95 32
9 34
49 74
57 57
60 28
117 2
8 65
112 8
77 81
8 30
16 67
121 43
91 116
76 79
29 55
109 46
48 98
25 57
2 36
83 107
1 26
25 65
83 52
10 15
56 64
53 86
65 92
81 83
105 41
64 76
14 80
60 3
35 35
12 33
21 65
65 5
89 9
57 71
37 42
59 64
72 82
114 11
75 34
40 96
85 97
66 37
121 64
27 28
16 73
76 113
103 13
119 38
112 63
21 59
108 116
101 97
118 29
74 92
39 95
85 32
109 33
59 88
51 69
73 82
35 63
42 110
42 94
32 85
43 74
110 36
100 70
86 51
46 25
48 106
32 109
26 44
25 65
36 43
16 3
18 83
50 75
59 36
5 82
25 25
47 94
47 82
112 37
20 104
50 16
121 8
21 66
116 50
10 25
112 64
21 109
120 17
95 28
83 57
86 109
114 117
7 94
15 36
49 83
47 9
118 30
56 103
46 15
119 36
26 37
68 84
13 86
1 53
105 9
29 19
97 104
37 69
34 66
9 39
32 99
8 8
58 30
110 22
75 111
115 120
91 31
90 114
66 24
108 114
10 29
109 8
64 115
111 8
70 5
61 114
5 5
58 116
104 107
114 59
28 108
7 44
43 47
59 62
94 8
64 10
65 85
75 9
2 72
63 114
27 33
113 43
14 72
39 54
115 25
82 120
2 13
64 86
44 70
16 17
78 26
62 102
95 53
34 42
28 63
22 62
118 36
101 48
65 79
95 111
44 46
37 75
23 7
69 25
31 91
118 61
70 92
47 62
87 116
58 103
11 54
78 80
26 70
118 5
47 89
33 115
98 51
32 34
28 57
34 60
9 63
40 66
117 32
94 21
23 106
40 64
14 101
1 13
120 19
51 23
49 63
113 80
5 34
66 69
88 23
107 24
115 119
61 77
18 53
55 56
46 83
9 20
86 9
52 11
84 93
119 100
26 97
71 77
67 107
56 63
103 58
14 98
30 77
89 89
75 31
108 30
114 15
43 117
39 60
86 87
43 50
77 23
46 80
118 60
73 79
58 12
67 80
14 91
120 72
7 99
39 17
39 60
46 98
71 116
52 114
82 41
19 32
51 56
49 82
114 30
2 12
47 39
32 106
76 14
61 97
36 64
42 42
54 86
40 59
56 79
56 68
90 46
107 107
40 55
107 24
3 61
71 13
90 96
79 41
69 103
10 73
21 32
49 12
20 81
34 66
75 116
67 82
100 103
60 97
36 121
5 36
21 118
57 9
13 63
35 59
10 70
52 50
45 18
89 91
16 51
96 116
106 32
108 16
34 101
62 38
8 85
78 4
98 10
65 72
30 42
4 48
17 113
21 107
24 60
47 56
20 57
88 10
18 25
24 72
59 73
31 87
113 118
68 89
25 109
99 18
54 65
109 21
74 108
61 65
112 73
56 106
88 42
34 105
6 45
14 76
30 75
109 12
114 49
121 121
40 62
35 48
40 53
71 38
39 96
56 3
91 103
120 75
13 62
56 119
6 60
18 48
16 28
34 82
76 90
68 107
38 4
15 62
119 119
6 48
102 8
20 60
10 27
90 37
3 93
88 89
6 41
3 67
31 54
81 104
102 110
14 42
46 58
79 96
77 105
81 88
118 53
65 92
73 4
46 65
48 97
81 82
90 97
48 69
30 111
56 63
69 55
58 115
7 62
97 19
56 96
37 44
82 28
49 98
29 46
66 119
53 60
31 98
43 75
47 11
64 114
24 28
7 40
58 69
112 46
103 120
83 117
48 100
114 1
109 19
5 38
69 71
111 58
27 12
13 14
55 61
21 43
117 27
68 97
63 91
35 81
52 117
71 73
23 59
40 13
24 43
80 110
40 71
65 72
40 9
88 116
43 97
3 35
105 6
76 109
101 16
78 92
84 92
32 78
19 35
94 108
45 96
58 66
41 67
98 118
90 79
38 99
106 55
77 39
100 2
57 11
49 54
98 11
104 38
36 92
105 121
71 74
40 79
59 60
17 17
82 95
36 60
31 25
33 39
68 119
54 71
1 78
71 99
112 24
50 62
28 64
99 102
87 88
13 53
67 71
27 99
78 33
47 120
59 83
93 3
95 119
115 72
4 34
111 116
109 17
51 101
88 118
119 6
105 107
106 10
29 58
81 88
81 92
48 115
57 109
112 57
42 51
94 19
110 59
10 31
112 114
5 36
16 64
82 120
34 38
106 86
6 19
118 1
114 93
68 71
76 76
32 38
96 98
96 55
39 69
53 16
87 65
25 114
48 73
30 12
3 68
65 77
95 109
33 33
9 23
66 69
82 98
83 93
114 52
28 93
16 79
5 24
93 94
63 102
116 35
72 29
32 2
100 7
36 114
54 88
36 103
64 19
96 23
66 120
59 48
5 8
15 109
7 8
20 106
21 47
91 45
27 81
106 15
27 41
99 24
120 31
111 58
17 53
20 24
117 57
6 26
65 21
29 21
23 65
10 22
86 112
26 85
72 10
18 92
62 74
78 20
46 107
66 95
77 81
27 67
47 32
75 89
8 42
68 11
41 7
59 63
4 15
41 119
80 106
28 85
23 30
21 27
47 63
32 70
119 15
109 121
76 78
20 51
71 19
78 88
6 73
102 116
47 56
14 38
70 100
102 33
32 45
119 14
86 1
109 96
23 23
106 23
6 74
70 79
60 96
88 32
62 63
41 109
98 80
99 117
99 116
113 8
21 121
41 68
118 34
100 28
55 92
121 32
33 112
3 15
60 61
20 50
49 7
102 52
74 86
111 116
31 63
52 60
119 29
12 63
88 32
47 13
78 92
103 69
34 76
43 94
17 31
98 5
116 5
44 87
55 80
87 35
75 41
47 69
102 104
48 71
110 119
97 31
16 59
70 89
109 32
67 107
103 29
99 114
19 68
79 27
66 11
35 70
117 24
39 74
16 41
41 85
13 15
38 48
2 23
103 118
23 90
3 51
35 43
73 36
86 51
25 3
109 15
69 2
102 75
109 116
43 95
70 98
56 16
97 49
81 62
15 54
106 26
18 22
58 78
86 9
82 41
47 59
26 31
118 121
73 81
45 68
1 10
97 19
65 71
91 110
93 105
1 42
71 54
94 101
75 64
37 92
114 117
72 110
4 19
97 100
44 27
99 20
23 26
57 114
5 38
40 45
42 10
32 46
92 103
39 55
98 70
57 32
64 85
63 4
11 14
103 29
14 34
47 18
57 92
121 12
120 66
62 84
50 103
79 23
24 97
116 65
83 110
97 103
53 101
4 70
62 117
121 24
18 40
82 48
76 117
64 106
20 46
70 111
72 108
67 88
56 56
111 12
13 55
57 81
99 59
103 104
79 24
29 87
120 39
12 62
17 20
68 118
77 37
64 4
89 10
42 42
65 96
11 15
5 41
84 92
7 23
90 97
107 115
16 50
110 81
74 9
53 109
24 34
87 92
47 47
54 116
57 71
91 94
110 25
49 87
18 64
72 79
8 95
51 84
60 14
76 116
20 44
69 88
69 24
5 34
77 28
116 13
80 92
119 33
77 29
100 102
55 60
74 82
64 85
94 6
121 78
93 47
57 62
69 45
70 83
97 2
4 29
58 21
82 85
67 82
49 49
102 26
114 66
97 119
44 86
9 25
24 26
47 69
27 77
102 53
89 104
39 66
1 43
103 14
8 72
64 84
82 90
118 9
2 6
65 14
77 90
88 12
44 64
46 106
11 21
49 96
69 28
109 51
111 120
96 7
15 29
113 121
118 114
53 63
56 110
16 49
29 50
102 24
85 31
88 90
116 51
44 113
61 90
38 45
15 61
52 108
36 114
17 42
27 81
20 42
19 57
48 81
103 68
20 102
89 45
54 98
18 27
94 2
115 1
38 72
100 112
4 45
9 20
13 115
18 27
91 116
100 12
98 39
9 69
6 10
2 3
52 40
97 115
88 62
31 60
114 65
30 30
5 7
105 25
120 17
81 27
116 14
72 26
99 54
26 32
84 8
82 121
88 101
47 94
17 63
7 88
42 50
21 37
58 112
95 22
21 63
64 108
103 25
79 94
13 35
119 34
11 17
111 31
80 95
47 108
78 20
96 116
12 17
121 64
52 90
34 49
88 108
94 46
11 113
60 78
107 49
17 53
92 98
39 68
6 15
118 59
23 121
45 109
21 89
25 48
79 88
76 52
101 119
72 84
120 41
10 1
116 61
30 43
87 11
30 83
62 103
59 119
88 19
88 106
23 25
101 37
35 60
59 61
62 63
91 110
85 46
70 4
34 88
10 88
71 24
59 102
82 94
29 69
41 80
27 50
76 82
64 65
11 18
83 30
3 46
30 34
20 47
37 86
31 69
62 6
70 78
71 93
93 4
101 39
28 48
3 49
20 70
26 40
14 41
19 62
75 76
34 100
35 35
110 10
38 56
6 27
24 94
10 51
55 17
32 111
21 106
85 95
20 48
18 73
67 96
68 97
54 59
114 63
35 10
57 8
15 32
102 35
70 14
21 72
107 25
82 107
98 6
24 57
111 1
81 5
32 110
110 74
12 55
16 20
3 54
81 81
71 100
48 115
42 10
98 49
115 28
82 20
16 19
95 101
78 89
56 72
36 4
34 48
53 107
90 15
22 46
41 107
59 100
37 108
46 60
47 22
3 108
44 6
60 109
36 120
57 117
49 80
119 23
80 39
71 81
63 89
59 116
68 104
61 96
118 36
55 12
18 20
10 94
25 37
37 21
81 20
98 13
120 47
99 115
121 69
98 49
2 23
35 69
101 5
89 94
62 63
25 95
64 113
73 73
30 30
59 90
3 54
32 33
57 57
65 5
49 98
62 117
25 60
35 65
19 60
121 50
57 19
85 89
82 58
3 38
92 114
99 103
90 1
37 80
15 59
78 90
93 107
1 60
43 82
69 39
10 41
34 60
1 109
114 22
30 59
18 90
28 32
91 42
52 115
73 99
60 60
52 101
79 67
81 119
1 17
54 111
56 35
73 97
37 47
20 85
1 69
115 9
32 118
21 64
62 76
43 50
111 27
36 63
115 6
36 83
80 112
68 87
15 15
68 2
23 98
109 47
25 74
48 107
89 55
14 74
34 70
53 54
35 40
20 97
59 97
52 23
51 8
69 120
52 104
78 86
70 94
99 114
63 88
37 83
85 62
39 13
39 65
108 11
64 111
19 64
8 66
24 44
52 85
89 98
4 20
108 108
93 79
2 42
43 79
114 12
118 118
10 94
67 99
94 24
110 38
10 38
54 67
41 105
118 75
8 53
38 93
4 85
96 32
91 51
8 30
112 121
68 10
37 35
71 23
101 62
11 39
51 9
31 88
8 67
75 19
43 120
121 34
108 110
71 72
46 99
38 40
56 76
44 102
36 85
66 2
24 30
32 87
118 79
119 21
108 115
82 28
52 89
14 18
62 32
56 16
3 47
31 76
88 115
114 28
57 65
9 10
52 76
102 115
67 111
31 90
104 22
101 17
35 56
104 16
22 31
59 86
65 85
48 48
106 4
86 121
79 29
75 83
100 27
9 98
98 7
104 30
31 65
3 34
69 78
107 66
84 85
81 89
103 108
110 49
100 32
74 7
76 111
92 34
32 66
21 112
114 114
42 49
117 64
31 2
92 1
91 116
84 85
55 113
22 42
100 66
42 7
90 39
116 25
21 24
45 45
65 73
17 25
39 103
88 113
22 113
96 27
43 44
30 92
110 49
21 96
60 74
40 52
88 11
103 116
106 2
41 70
107 72
42 75
90 113
82 103
36 113
43 61
28 46
118 59
96 31
75 35
6 43
79 1
91 103
87 15
91 112
59 70
17 65
24 32
68 89
52 114
78 47
35 48
10 105
89 8
63 85
45 96
86 1
44 27
15 86
78 22
94 8
91 28
40 19
4 64
18 37
35 43
4 73
71 48
34 80
34 110
87 89
40 41
31 36
15 83
58 118
10 40
39 103
31 34
21 27
54 92
99 104
101 118
18 46
58 68
45 69
7 14
69 69
39 47
47 53
58 106
26 111
44 91
69 97
14 95
33 33
100 104
6 59
90 97
30 53
94 97
42 49
67 101
86 89
22 71
65 77
62 90
50 112
87 2
23 27
34 74
12 31
80 95
55 64
101 14
94 3
70 85
3 13
41 52
11 29
39 88
119 14
17 71
84 26
32 15
31 52
42 103
115 36
12 29
35 45
103 19
77 93
120 40
35 57
75 30
64 75
6 26
16 75
19 67
59 14
24 48
121 21
46 85
10 57
15 17
12 58
68 98
73 32
35 92
33 95
102 118
57 57
78 11
23 108
13 88
5 58
48 59
86 61
118 97
61 64
102 14
27 70
114 15
103 104
62 78
5 60
17 26
101 7
68 68
99 119
93 26
28 29
65 74
63 32
100 107
60 63
120 32
66 26
25 40
38 50
64 98
107 64
98 34
102 18
85 58
81 120
105 25
63 80
109 97
49 84
62 33
99 27
77 87
108 53
5 48
20 33
14 36
55 7
25 27
14 58
47 73
43 44
6 29
98 98
70 119
89 5
106 12
85 22
105 109
1 15
65 91
66 92
40 53
6 8
94 16
14 34
66 16
114 14
42 76
43 118
104 15
2 42
86 121
1 22
115 118
9 46
95 118
80 44
67 113
118 37
80 101
115 20
84 121
43 67
42 109
103 76
14 26
82 87
83 106
34 74
112 42
101 10
22 30
117 17
99 35
47 17
46 15
31 99
83 42
91 108
54 96
118 63
95 106
43 107
120 23
47 54
30 54
82 85
98 110
118 119
30 91
16 40
93 14
110 29
106 45
51 104
83 7
113 7
80 44
29 53
40 41
43 84
111 120
50 71
20 61
10 20
67 103
2 3
66 101
39 110
27 77
120 85
61 76
8 36
3 70
46 80
52 66
43 91
67 49
109 3
29 30
77 88
59 77
39 51
68 92
37 48
19 45
73 13
2 88
109 51
103 41
35 72
4 55
100 101
112 65
31 104
28 75
92 45
19 77
34 19
7 62
108 81
61 92
26 54
37 48
8 13
4 60
22 100
114 3
27 28
18 104
111 21
59 116
65 80
14 41
25 64
73 2
18 37
17 52
39 25
102 19
29 85
33 57
27 90
4 22
100 5
52 79
104 13
36 66
109 112
97 108
97 115
110 97
17 51
69 91
93 35
108 48
46 46
97 19
83 15
16 96
106 17
47 117
36 79
37 60
99 6
3 4
43 76
94 113
113 18
93 102
117 19
111 88
32 57
100 3
77 47
103 99
28 78
30 84
66 32
112 49
93 51
45 58
58 78
45 55
88 95
96 32
75 3
100 14
107 24
109 30
29 116
97 111
23 97
73 118
108 120
112 20
4 50
19 38
69 84
110 26
106 109
120 8
38 50
9 26
5 42
117 67
60 75
11 22
74 116
74 80
55 76
82 86
90 9
112 45
17 101
99 50
50 75
77 43
109 30
19 46
73 105
83 84
20 61
15 31
3 4
60 28
27 42
116 20
75 86
21 53
5 5
47 71
75 116
28 33
86 28
53 17
13 46
105 24
75 114
117 78
49 100
76 19
7 27
88 41
80 58
68 84
52 53
12 62
95 9
52 70
63 79
72 110
94 103
25 55
43 87
38 82
61 61
49 70
118 6
28 43
119 10
36 55
113 39
69 81
85 107
111 43
29 109
30 10
115 120
115 20
18 86
19 39
57 11
84 99
23 119
42 121
51 114
33 87
53 53
100 6
6 83
22 108
80 95
66 121
46 21
80 84
90 34
100 67
114 28
100 3
108 7
24 46
87 58
4 32
116 8
39 67
106 62
46 51
90 110
53 82
107 26
56 68
22 73
80 91
88 2
2 103
7 41
40 52
73 40
90 8
2 18
78 82
113 38
13 13
96 113
116 5
48 60
105 121
24 54
70 75
89 2
48 53
82 88
29 106
75 79
94 20
57 91
11 45
79 114
75 7
64 80
75 22
116 8
118 36
17 76
35 72
71 107
20 24
94 8
8 16
18 87
46 48
30 40
99 115
57 63
101 116
45 88
71 9
40 101
30 34
68 100
50 63
22 50
6 29
117 42
106 41
89 39
112 67
61 115
