99 4950
soeqxmmlaessssjkjxymicxpakmpwjyszrajgqruxmsrufrqpe
qdexqceyxbssjigklevmdwssssssssecldedqcngssrytbawzy
ssssguurhyssssicanxqjxussssionrdrhgdwottyntkbwzgws
sscqxwvpozrhvrxlbwpfpgmednacjrzsszwgeyjsxtpltettwq
sssssokquczggmfglcbpjgtjssssssqwrqoadctssslhdhgsss
sssmmznbssssyglfkofxdgqssixenjkiwxausynwbwewyepsss
sssssaejphvlofrikessxtlnnsssssssnlpljfbpwliggjusss
ssssssspvlpdxssssssssssspgzgjlifsskoymahosslncexma
ssqvypssssrahggxcemassssssssssslzhjlssssssssssssss
ssssssssqhjqssssfzdbcunvbapyhojwnvysssssoidfnmjzss
sspbkaosseoynrulkmyatsseyjxgigcuqnlingpgxiwkcfssss
sssvvnwjzgxxurapzsssssdwtrjsrccodfcuqjwxjpjllsssss
zwogkxmytomksssssgjtojnsssssxztrldxqssssreoapletls
sssssssbainnmzssokbpssqczhbtsssssazkplichsssssssss
sssssssssqmfmrsssssssssssssssssssyuluurpwyyvssssss
seqoyutgfdcyymgxzhsssssssssssssssssssssailcsssssss
sssssarkmxpfkdfskkvlbdossssryxqltuzmssssjctqisssss
sssssssssssqxzhurssssssssbgvvwouovbssccjittqisssss
sssssjfinblgguvyssssssmepwsssssneuvissssssshuqvfgm
ssssscuxhkibkhqsseijxebbdqzhrkaumafkyssssxoiosssss
ssmctusssssssssssssatvamsssssssssssssssssryanbwjru
bqehmlmyosxxkrqfqofprqbsojleaktcdoklwwhqesslofzjwl
ssxuonbbfltxmfnglwyyctssssuntmzywuggedixsnozmassss
ssssssssssssssssssssbwhyfsssssssssssssjeckcxcndvss
sssssssssfvvpgnaubsnicgwmmasssssssssssssssssssssss
sssssssssssviopcupuzqesssokarhvpftysssssssssssgtpk
ffdpoemqqepuppvvsssssssssbjvvykgqgoasssehwvjytbkbs
ssssssssueihsssssqjxycoisssssssssscumykzrhwdlsssss
wlmxpdtedjofybkwssssssssssvzmxiumvzfxbaufzfrelssss
ssmtfzgkjotqxxtpvabsrteoarcssszllfbkvsssssscwulsss
arppycrueskfxqssssoodjvhhaargkbwlmkmgnucnusxkegnkc
sssswlbnpfkislawokmvsssorqpsssshmcqzwoodndddduougc
ssssvdkccxoxcjpabsssssgzacghlssssnvxzwowstockfrsss
srlnzmuoyxnechvobgajavzwgkpxzruaqssztqzxxbhxiessss
ssssssssssssgzioapsssssssssssbfezjcfjassssssssssss
slixkyioessevtnmyppssssssswivchxgwsssssmcaggssssss
ssssxzwygurbjjwssssssssssidhdyehacssssssssssssssss
ssssssssssstnlzbqlheissnbeehssssssssssssssssssssss
ssssssssssssssssssssssssssssssssssssssssssssssssss
evxjnbyfeysssxiihpzxkssssssstjttgfumulmkdjbcqrvhtv
opovssssssssaqqloidesssssssssxlbwomezssqaepujfisss
ikguxbdussnouymgfsbdibtspbyzdgfzblesssxzfyrbobfsss
sssssssssssssssssssssssssssspyrdycaccsssssssssssss
bqphsssssuwcbiosbagdpysyzjgqlrklnggmcxmzpgqiekyqns
scvpouzgsssssssssskxanecolqssybrcmjdmlssssssshugus
tayfhilnzqmitmlfakqgvlantpallopmqoyqbuppsrrrzrlnns
sssgpgqpghnwjnssssmqxnihlsssssssssssssscycaiikkwbs
sssqryusssyfjanksugkpbhlccdcqbeilpxenssamukrjxnyos
ssssiapvusssovlfkaphxbskovbvgifcssssssdvlrajowfhss
sssrorfnfitrihnjpgopoenlzwkjxiosssgkpzxzbqoxuolfus
spmrkqnvasssssssssaojubbgmzbqxisssscjftfmcssssssss
sssssssserjugdtvnyssssssrlpztbvfigpcsqqoquuxhwssss
tlxwtbnwyplssssiodqlrnlyssssssqcpkrsguajaxssssssss
qaaakjrsssssssgavrtvpvltschnfucozsssssssssssssbfhp
ssjctddjoncxzmsssssswvnmnliduusssssdbygmokmgwbdddi
sssslpptikfecgkokpgfbwssssssrvuessobqwwwqpvhmtlvms
sssssssswyjlfmdlkmsssssssssltahkusssyvcjsskcfwdcxm
ssssssssudkxicwzxgsssssakxiyopkenvssssiijdyxtenvzy
ssygjhyjynmydlhqnsqpobwessssssdjilqlssssssspzwbsss
ssssiixqivmijqpbdwbulxgxpxgpnawssssssixybdbsssssss
sscmpdqaoqhasituumfmihossegdlwhxumltmyadorxwntgsss
ssfalhpyoppilssehlcsssssstnmawdtepssssoufxkgssssss
sssssssssssrhirrqdussssnjzmvssssssssssssssssssssss
shzpjwmzwhifjupnrbtffqssswmxkarxrojsolrxlabelrxyig
sebhtohlacefsswfiakakszffpjolgikfjejjsdnnuvknwwovs
sjtnbncbrjllnkyxsszjmzacjdtvwjalsssvvupikemnyvssss
ssssssssssssnqrtgdlsssssssyxoxrossazcihczdcissssss
sssssssssssssssmluujtmlpsssssssjiddtfqtehsssstwxye
sseairvnayuafsqmekakcrhtfczkmssssssssssklfqdmkqsss
ssgptqwsaffmjlmsohqvlkbhscplgenetdanvgbwaxpovhssss
domgbkozwessojfwxvvoolfssssssgowrtavmwlarmdhuckxss
ssssmmywdcxhayavzuyxduzjyuedosdlmevuassxpbletfgsss
svgzqbcyykgksssssszeuzvgfdfynwqdimsssyruvvqaezetbs
cpnwvejklhkdjklfssshfxrsonpqlcamsssmfenrmjctlsssss
sssssssssssssssssssssssshanckaikrssssssssssrohhrss
ssssxfolmvogypsfigkkabtzdzslkyhcdmavqssssaqjxwwzjs
sssouausrqhwdvnblyssssssssssssjnrzghwxssssimitssss
kinaonzesssssagqkaeiwpsrgtippjztsshngbvsfezywepcvw
sssssmqvmmnijtoysssssssswlhmsssmaovrssssssspqkhass
sssssssssssssxcvzwsssssssdyauuuddkssssssssssssssss
ssssssssssssssssssssssssssmyknqcfopbgsssssssssssss
ssssssssssssssssonjqtyqmngdlpjasshzvlooaodssssssss
ssssssssssssssssssssssssssssssssssssssvtimssssssss
sssvpjaghsssedyzfvuoegmsssshkaaosbcgndbjssuwhwbyss
sptqbvjdlhxnssssssfanjofvpahbpsvjdcfapasssssssssss
xlroksssdxvizucxiyokohkorqsdglrcsseroawwiucwhatcnk
sbxygnproimhgeoqweelvbosssssfbcdzbmsssssssssssssss
sssssssuhqivlsssssssssidgqkgcodvdbwqnqsaljpsssssss
mekdvvnsseokxinixbohiaapteupqlvczssssioydxetnyysss
ssssrpwrpmbxsssvgxpkssfwmvpmvbwkhsssssssssssssssss
ssssssszebjkzobcsssssctaasgaohssssfbbkjqrggpzqfxvs
ssssshlrcyysssssssssssssssssssssssssknvcolrvaiksss
ssssssssuuuttxvyplvssssqkxqhgsssssshqdktssssssssss
sszqupuizhxgxoojatqogyilhshajqytritydppvalasssssss
emmqvmjssssjeiyrvepssvdlhssssssneqajtowgmsssjlxgyk
ssssssssssswgwuatcuablsssssssssssiaalsssssssssssss
sssssssssssssstyleasssssssssssssnzktmmfzaelipuwuks
sssssssstirwzeqejeqsssssssyrpwxgyjcohftbsknklsssss
ssssssssssfyjnssssssvyprssssssssssssssssssssssssss
17 22
11 17
89 68
24 45
52 67
40 63
44 72
25 37
34 69
80 97
29 74
92 16
59 32
78 86
87 93
64 31
79 15
88 89
37 38
70 11
94 2
47 55
62 83
44 65
15 34
53 64
26 92
61 85
92 1
92 66
61 66
35 48
59 62
7 13
9 19
12 38
7 46
47 67
11 41
42 44
27 41
13 18
88 16
28 39
66 73
50 72
14 84
99 58
47 78
57 91
85 38
31 47
91 46
11 62
60 84
53 61
44 55
65 5
97 97
76 5
39 7
30 73
42 55
83 49
19 58
39 58
84 7
18 37
21 68
15 20
19 38
80 20
82 86
48 87
27 46
75 11
56 71
83 86
7 14
72 86
46 56
54 93
62 73
50 55
11 47
5 15
9 54
66 71
87 2
83 90
49 66
48 63
95 26
48 66
20 31
6 18
11 39
51 92
9 62
34 5
94 9
76 62
24 65
21 1
27 64
93 33
97 25
46 85
40 80
38 1
61 78
17 77
21 72
12 77
72 3
24 53
89 7
65 11
46 18
45 45
42 96
20 32
5 5
56 8
38 52
36 17
70 25
53 74
10 59
11 92
94 62
97 15
31 81
98 42
93 40
42 46
97 98
79 98
54 75
4 39
93 12
76 21
14 32
31 59
5 77
66 72
79 27
18 27
75 8
38 40
81 97
33 59
92 43
91 44
25 98
7 37
82 17
73 73
88 4
46 72
88 20
88 18
65 85
33 92
71 10
40 61
83 88
14 70
10 27
79 36
62 67
39 57
71 74
69 74
53 8
84 2
41 84
34 39
92 19
6 75
44 51
99 78
34 39
21 57
26 27
44 58
93 19
77 33
50 56
61 33
52 36
73 26
86 27
6 51
3 55
52 57
28 82
90 96
65 42
76 27
27 33
75 59
61 5
58 64
69 78
86 20
80 95
72 47
46 87
97 98
77 75
47 78
34 10
78 65
40 53
57 27
35 61
2 61
87 87
75 16
37 44
53 85
50 39
50 79
73 5
52 91
32 74
69 69
91 9
50 69
82 45
75 41
56 93
20 50
64 74
25 44
67 71
69 92
65 31
71 93
41 2
12 57
63 28
89 5
68 77
31 43
70 98
38 49
46 48
61 70
8 25
6 84
44 81
52 53
62 12
84 56
15 51
71 95
17 68
52 70
41 5
11 31
57 97
28 36
3 88
73 21
60 98
45 49
78 13
32 21
91 49
48 22
69 4
96 5
78 37
95 6
88 88
24 29
99 71
23 37
19 28
40 52
65 31
42 73
95 2
34 16
35 73
7 38
29 53
45 54
62 22
9 64
89 12
10 78
77 92
22 66
95 6
98 98
20 24
91 14
53 12
6 29
84 29
8 10
9 52
33 37
30 36
48 21
3 22
21 84
64 79
85 94
58 2
9 28
66 8
97 8
55 76
68 3
11 86
40 54
57 90
86 92
30 26
13 16
57 10
2 93
70 73
51 93
18 27
32 32
89 43
61 83
23 70
87 94
1 18
7 44
58 19
29 72
43 63
25 53
9 33
16 52
9 56
5 28
72 80
61 89
52 73
23 54
5 20
30 71
36 77
74 90
3 10
5 7
50 58
74 99
47 2
92 13
9 22
43 86
90 17
6 89
66 70
11 49
73 18
20 24
4 32
12 70
28 89
39 50
75 85
27 94
83 10
16 17
43 90
4 10
57 83
84 13
65 85
75 14
45 71
91 94
72 82
20 46
8 47
58 68
55 56
3 52
74 93
52 99
43 46
32 85
18 50
7 39
51 70
13 66
15 80
4 17
17 91
75 9
36 61
24 43
10 71
53 36
35 68
17 48
8 19
32 61
23 67
35 54
84 87
54 56
2 31
71 87
87 95
60 3
81 96
66 86
4 10
96 13
41 45
13 64
47 68
92 64
93 11
83 85
63 13
45 71
51 15
64 82
81 3
76 38
56 99
56 68
82 6
7 66
91 14
70 41
67 70
81 19
96 1
3 56
75 80
40 54
12 32
92 21
67 23
34 49
44 92
14 63
99 23
19 50
81 63
25 36
24 76
98 44
74 25
94 29
39 70
39 40
58 10
46 73
64 79
21 41
22 24
39 44
22 5
32 59
31 35
48 5
33 80
56 92
93 14
29 47
62 89
66 89
65 86
83 24
39 43
62 85
56 21
63 77
88 6
19 57
77 5
73 21
29 88
72 84
95 66
3 26
3 49
29 58
88 98
3 14
48 95
37 70
62 73
33 59
29 30
83 41
28 41
75 88
59 16
99 7
88 39
59 63
48 92
69 15
91 5
19 79
99 71
3 26
36 50
38 57
51 93
78 94
15 21
22 22
72 30
29 92
31 48
85 64
67 84
27 36
70 12
39 59
67 95
74 9
22 45
17 59
94 20
7 31
96 29
89 12
27 38
75 7
7 85
87 40
4 95
9 24
85 3
92 11
76 77
50 1
53 39
65 97
64 67
10 27
11 40
79 28
75 42
25 47
52 9
32 50
88 17
33 43
30 3
91 43
16 74
48 86
87 42
94 15
45 70
82 28
72 42
59 75
11 60
25 27
89 7
39 70
99 50
32 77
33 34
63 71
34 60
6 13
61 10
69 1
9 60
98 7
39 66
47 77
25 62
15 62
65 91
45 68
3 34
13 32
88 92
35 68
93 13
66 22
30 94
31 54
54 56
62 17
76 24
95 3
23 80
54 98
42 11
44 34
18 34
56 71
6 54
8 72
70 83
49 73
26 46
7 15
10 47
56 16
82 32
20 54
70 98
77 32
24 71
49 26
7 93
65 10
83 17
53 63
47 72
42 85
10 53
40 50
68 79
84 34
64 34
61 14
47 77
99 2
77 13
89 46
99 42
48 97
56 29
95 33
46 54
63 93
99 56
22 35
64 69
74 38
40 88
35 49
14 68
31 32
10 30
62 62
32 42
13 35
71 55
8 40
34 81
55 66
77 46
83 22
77 27
81 72
31 34
74 88
66 99
78 99
27 36
79 25
52 74
13 77
68 96
21 33
97 18
3 11
46 67
63 70
6 31
28 66
57 9
49 56
60 27
35 44
17 66
83 47
36 41
29 70
32 35
27 39
14 18
85 93
55 23
26 96
25 46
80 20
23 38
60 60
90 98
20 31
85 88
52 44
41 66
39 58
11 27
8 42
59 74
3 12
59 1
21 17
40 99
28 3
80 87
62 62
99 3
99 1
68 86
89 34
49 77
98 89
71 22
69 87
50 56
2 25
6 38
77 99
99 17
14 43
56 63
19 50
21 33
33 88
21 26
83 90
41 5
88 51
38 39
17 68
83 5
92 61
74 42
45 71
77 85
5 27
61 81
71 32
99 66
17 31
65 88
31 33
65 2
82 18
86 21
4 37
27 70
69 91
69 22
36 73
20 53
21 62
4 48
32 46
10 76
40 14
69 76
21 2
6 44
85 85
31 94
98 12
38 22
90 29
84 16
34 69
90 22
70 96
75 40
13 16
44 76
24 72
64 88
79 79
30 86
75 33
25 63
55 28
92 32
32 6
93 42
45 51
41 18
46 53
91 94
63 88
32 69
9 40
45 79
99 50
91 93
43 44
81 15
83 19
8 52
6 28
90 58
6 21
14 33
79 37
89 7
70 17
92 95
77 77
81 83
55 55
22 40
69 52
54 63
82 61
28 33
24 80
48 88
50 11
36 71
29 96
55 96
9 35
52 67
49 93
62 7
54 64
51 98
5 20
46 62
63 93
57 88
58 62
46 48
2 23
35 63
81 39
73 30
32 39
9 69
52 53
40 48
38 44
58 77
5 22
4 52
31 46
69 87
44 70
18 4
43 43
23 14
75 92
70 80
53 11
81 23
66 13
91 16
91 20
81 43
95 1
30 49
21 71
82 84
64 74
92 75
59 6
39 67
84 54
33 74
49 19
65 15
80 13
68 78
74 83
83 98
68 43
90 51
64 90
54 25
37 50
27 71
52 19
95 26
84 23
63 8
92 5
4 28
39 51
11 8
93 2
89 29
82 96
56 92
15 34
8 59
16 25
59 62
57 8
68 3
96 7
77 31
96 45
49 96
65 68
31 85
97 51
52 78
43 97
36 82
51 21
76 24
70 75
45 47
31 81
97 98
44 6
36 80
95 19
33 38
8 46
60 36
34 73
28 53
26 76
11 48
97 21
30 36
59 60
25 70
98 33
89 8
7 59
26 64
33 44
29 87
55 96
82 46
53 57
33 60
4 14
62 3
71 75
42 45
35 15
95 10
52 53
7 37
82 92
75 99
8 9
35 53
9 74
37 85
28 77
86 62
52 88
66 81
19 49
58 2
23 58
57 82
9 85
85 88
46 52
58 10
44 61
29 49
73 20
39 87
54 99
8 25
30 34
36 29
70 3
74 76
72 6
21 63
90 71
95 71
52 67
68 77
57 69
5 52
50 50
53 61
95 15
24 89
49 92
58 48
81 81
79 12
39 63
99 25
57 88
62 87
62 96
1 82
18 37
94 59
36 13
42 42
28 48
10 43
35 91
59 84
31 51
4 21
94 94
68 92
18 37
69 78
88 16
44 4
41 72
82 7
22 48
82 19
9 28
48 69
16 34
38 64
42 51
7 95
66 27
76 34
56 80
98 14
27 32
34 47
13 60
24 25
22 64
92 24
92 2
92 45
46 72
74 98
89 18
66 67
37 1
20 89
76 94
12 24
56 56
99 36
75 87
79 2
41 68
68 91
73 94
33 35
72 88
33 86
16 48
76 17
3 12
73 44
8 50
8 40
72 2
25 85
30 64
51 20
1 32
43 4
84 90
98 55
6 24
30 13
53 41
23 43
59 88
82 86
68 8
67 80
80 31
95 2
69 97
35 51
53 16
6 76
10 85
28 87
14 67
33 1
1 53
33 55
21 35
55 23
67 29
1 30
73 87
60 94
8 16
47 84
96 84
39 55
73 41
59 66
66 99
74 74
30 57
19 79
5 38
58 5
54 3
49 84
45 46
50 74
89 95
78 45
54 78
23 62
92 16
6 30
94 27
33 47
36 64
73 97
14 47
26 68
73 82
19 21
28 31
5 49
7 20
45 50
12 31
6 59
8 18
97 67
1 16
23 50
28 84
37 87
35 81
44 6
67 2
68 73
91 32
7 14
63 81
16 22
91 93
43 61
25 61
8 9
73 87
55 88
33 74
25 30
2 32
20 23
30 46
97 66
22 61
53 66
4 7
54 65
16 57
43 76
38 62
91 48
40 58
45 1
51 82
26 86
43 82
44 48
33 88
17 93
75 92
94 15
29 67
84 41
39 14
47 43
61 84
43 13
58 94
36 2
1 2
4 30
16 98
40 56
25 72
65 59
68 41
13 20
90 57
38 50
92 22
86 95
87 61
16 26
89 25
51 66
43 43
73 29
34 5
67 69
44 57
5 58
21 34
20 58
30 38
83 88
12 21
9 43
27 81
13 56
50 53
42 4
63 97
41 53
7 38
49 89
41 79
35 74
31 80
12 22
31 1
3 31
61 7
26 37
88 98
74 92
95 17
53 74
56 82
61 18
16 34
31 41
26 28
46 60
75 87
8 88
19 82
90 48
90 43
18 48
59 97
2 66
92 25
33 8
74 34
84 43
48 12
21 31
89 96
5 58
4 59
77 83
55 12
10 66
87 20
21 65
98 3
92 73
8 61
30 72
79 37
20 74
65 23
48 22
11 45
48 78
38 76
63 36
75 11
26 28
2 35
83 84
91 25
23 59
90 28
27 61
52 98
61 83
87 90
66 78
94 31
26 77
49 89
74 3
65 94
38 82
79 39
90 4
16 58
12 22
88 6
66 78
87 79
82 95
63 79
19 27
18 44
94 57
23 62
30 54
40 91
37 66
47 22
93 65
19 24
94 48
2 70
61 68
5 44
7 49
82 11
55 88
13 88
3 16
50 50
31 40
54 64
11 20
67 4
80 84
63 79
17 23
7 22
65 93
38 32
36 66
72 81
68 85
86 26
40 56
4 25
47 93
80 95
70 17
36 72
73 20
20 28
15 60
26 43
66 78
64 75
93 16
49 51
71 80
90 98
11 50
21 33
22 48
58 27
14 32
44 81
6 68
7 24
85 45
70 16
71 30
29 3
17 73
29 80
69 93
89 1
50 55
54 78
89 29
48 62
2 9
54 57
54 96
29 98
70 93
91 52
27 82
40 9
56 73
80 35
68 55
20 33
37 37
51 1
95 52
52 30
45 81
48 24
46 52
53 91
63 64
4 24
17 99
42 46
41 49
2 75
45 63
18 24
73 75
71 43
45 4
36 59
71 90
30 79
90 94
97 46
84 6
2 9
58 1
17 96
11 16
32 43
36 9
97 6
40 30
2 78
85 92
79 1
85 13
46 87
36 97
52 65
94 67
94 48
17 44
67 1
75 7
47 60
54 17
69 99
56 37
95 15
53 56
91 54
71 73
20 77
59 91
17 58
32 60
88 51
94 53
77 24
2 14
1 38
32 99
53 1
5 42
6 57
73 38
42 90
28 39
36 38
74 79
64 67
77 91
19 63
1 4
32 40
45 46
98 17
50 87
57 84
75 17
34 45
46 5
49 67
41 5
24 42
8 33
46 84
92 36
13 34
73 76
67 95
63 82
29 34
42 56
95 30
64 17
25 10
62 77
2 48
21 76
31 43
13 53
89 63
32 39
81 54
2 20
43 12
46 48
98 44
69 73
1 33
24 84
49 67
28 43
50 92
55 36
67 40
63 63
37 40
60 75
39 51
59 65
77 95
39 42
67 67
31 86
41 87
33 5
96 59
46 34
78 86
5 28
88 7
25 52
59 14
21 28
6 34
28 9
62 31
23 71
12 18
7 43
87 44
57 93
79 46
98 15
37 51
2 18
79 54
12 32
60 87
19 31
11 89
4 63
40 46
50 56
81 94
39 51
33 80
41 43
64 30
79 88
98 5
87 94
74 12
14 50
30 30
99 16
2 19
13 43
72 17
5 61
5 48
94 98
96 1
86 19
77 85
61 65
75 87
50 2
36 6
2 65
91 80
62 58
59 15
16 43
95 95
98 24
52 11
86 65
96 36
80 1
25 96
87 36
86 89
32 33
20 33
87 94
93 12
35 89
49 72
21 43
55 87
37 59
19 30
77 66
65 1
16 21
99 21
78 79
87 95
80 91
95 32
65 55
35 83
43 86
77 1
87 35
26 44
24 24
80 35
18 22
12 76
14 19
55 79
94 28
90 24
91 96
48 15
93 93
64 89
10 62
61 67
77 79
74 87
39 4
7 16
30 90
81 88
80 40
19 51
49 73
31 49
77 39
31 36
73 12
68 15
47 66
54 62
1 24
34 98
39 4
25 68
80 25
13 89
98 28
38 83
38 93
93 67
63 37
95 29
18 69
56 41
14 22
42 64
94 40
22 36
99 28
35 39
32 79
48 68
30 94
95 98
62 75
19 23
37 57
54 8
5 88
36 47
53 53
36 74
75 87
65 65
79 94
10 54
69 90
17 21
8 32
50 53
83 12
63 72
3 29
64 79
3 19
95 95
82 41
15 39
14 17
76 41
76 56
64 66
78 31
84 96
78 20
85 47
45 45
91 32
85 23
57 95
70 95
44 12
54 75
40 2
54 59
46 74
4 49
8 43
86 96
58 27
15 41
64 4
24 55
30 46
9 50
97 60
69 4
8 41
30 54
22 38
3 64
49 69
9 93
72 93
34 60
29 40
56 59
57 43
54 6
88 87
29 83
12 57
74 65
85 64
66 15
10 40
74 74
25 60
70 20
26 26
80 37
59 5
33 44
61 83
18 21
50 51
59 67
8 36
29 40
76 26
33 43
17 17
53 15
87 8
61 54
22 76
30 37
34 36
11 29
4 43
43 91
66 98
99 73
56 72
30 44
28 78
12 48
70 27
25 69
12 43
69 20
81 27
8 25
59 89
4 24
19 41
46 48
97 99
25 26
16 43
68 14
72 99
12 24
47 41
99 99
32 62
36 15
25 68
57 79
78 71
80 96
98 3
15 32
6 14
70 77
92 1
8 47
65 72
93 49
18 45
32 70
63 87
96 55
76 17
97 2
98 51
1 35
65 24
42 28
13 38
21 53
24 53
18 82
74 94
24 74
44 44
93 13
99 68
96 6
44 26
91 62
12 73
1 62
8 63
22 53
10 19
36 55
58 76
30 44
6 6
69 47
54 64
83 56
22 53
12 85
90 95
65 29
40 24
47 57
78 78
58 60
38 79
54 88
82 2
42 45
39 20
7 40
3 13
11 29
91 59
69 22
43 61
6 34
87 97
24 60
30 96
9 30
83 16
95 16
87 4
33 34
92 65
35 89
6 51
80 80
72 93
12 19
30 54
23 45
94 18
91 23
9 68
81 90
93 28
73 54
91 2
25 59
40 76
97 22
31 48
43 56
3 19
87 53
1 37
88 48
94 13
50 56
18 77
16 61
66 41
52 22
63 67
22 62
88 93
31 53
11 88
58 89
64 99
79 92
52 93
54 29
35 96
58 66
56 61
36 67
34 97
54 82
20 25
62 99
91 34
67 43
10 2
67 20
25 75
29 55
2 39
20 1
12 37
72 6
37 52
44 26
97 55
44 87
45 62
96 61
30 55
32 46
28 32
98 26
57 72
41 97
93 68
33 51
98 25
71 89
70 46
87 15
21 3
88 77
26 53
32 56
50 58
63 40
76 29
11 13
62 63
23 31
27 62
56 93
39 78
63 81
20 30
6 27
13 29
61 88
66 50
90 60
10 62
87 81
89 16
67 96
3 3
26 32
19 41
82 46
15 27
42 60
33 59
96 55
83 28
77 22
80 20
88 33
30 59
12 43
65 13
76 4
35 49
81 29
99 72
48 56
5 34
83 91
79 98
87 14
26 39
64 71
89 22
99 52
50 66
60 29
28 8
93 59
1 68
45 61
25 65
58 61
10 37
81 10
13 24
2 16
50 53
38 63
91 4
56 33
90 95
20 34
85 34
16 44
47 64
66 89
42 93
81 94
33 62
7 18
49 82
94 18
6 30
46 99
61 1
59 68
54 85
17 31
98 32
12 87
61 77
58 26
80 22
25 32
7 22
25 34
99 55
71 82
3 16
55 92
51 76
28 49
97 46
78 88
43 12
37 76
29 53
18 34
82 13
42 58
48 68
34 6
27 33
26 23
32 13
65 97
30 77
91 33
72 74
74 79
62 66
87 38
29 39
47 72
15 68
80 85
39 50
94 60
46 48
29 43
84 16
46 75
87 87
62 96
21 61
74 88
54 56
91 21
62 53
82 21
34 41
15 44
55 62
71 23
78 33
38 75
32 57
32 64
30 57
53 82
86 74
52 53
49 49
1 24
92 96
64 78
14 61
18 30
29 44
32 45
46 78
9 85
43 8
8 37
13 37
84 50
51 61
83 86
29 45
43 98
87 90
90 99
58 4
29 45
49 20
99 58
65 86
68 72
98 1
79 21
83 93
81 27
76 23
43 68
11 36
22 48
99 51
96 32
67 11
29 79
94 62
54 62
2 23
59 21
42 47
86 30
98 36
80 8
1 14
29 5
79 91
44 35
78 84
79 89
15 80
11 58
84 56
93 55
13 15
4 28
40 44
82 44
67 97
50 75
50 28
68 75
80 37
17 26
14 43
91 18
76 91
91 68
94 9
73 50
18 29
77 14
51 56
74 89
59 38
13 39
69 27
91 65
12 72
87 56
25 85
8 55
49 7
75 18
3 39
83 98
24 64
20 73
12 17
92 5
27 36
76 54
61 13
62 80
61 49
72 86
81 15
14 76
50 52
9 23
52 30
27 91
78 53
63 67
37 57
15 27
86 2
80 86
21 58
39 60
83 90
66 75
86 87
14 60
13 26
19 58
38 82
16 30
90 90
93 69
35 78
99 16
15 17
68 3
17 47
3 34
27 32
59 63
47 19
19 30
48 79
88 17
59 77
40 43
20 65
83 24
51 7
15 99
48 51
59 66
87 41
59 96
14 57
84 97
67 97
58 6
72 77
25 33
4 13
48 77
85 92
90 46
30 75
66 84
81 30
60 90
20 53
13 63
10 30
82 48
76 38
29 35
71 91
6 60
9 55
94 70
22 2
1 63
29 31
41 29
27 25
39 98
36 12
78 5
12 16
76 10
69 32
19 42
17 92
71 12
90 71
7 64
34 64
74 81
27 39
41 93
42 52
57 99
96 96
11 40
26 4
55 1
94 7
96 30
11 12
40 65
64 2
6 20
79 8
1 4
13 35
64 93
27 35
67 97
92 10
88 96
96 28
80 30
88 68
7 11
33 46
99 4
52 88
9 29
19 53
53 9
30 61
27 84
8 22
76 11
50 7
44 85
48 48
29 93
72 30
4 52
86 97
84 25
74 84
86 1
20 53
45 57
22 28
71 86
69 28
92 60
64 71
24 56
52 77
42 82
65 89
53 96
4 80
40 62
68 28
56 65
30 46
81 88
74 33
19 73
32 56
98 55
17 53
94 43
37 66
65 77
34 87
8 32
67 82
1 63
40 45
3 14
79 49
72 78
43 61
53 87
66 39
40 86
61 2
39 94
10 59
59 22
17 63
73 15
77 21
50 60
65 72
94 14
59 99
47 69
22 98
83 83
24 72
67 11
43 45
34 85
75 18
23 89
80 7
50 52
52 53
96 10
69 8
54 59
95 25
25 46
46 50
2 33
68 93
48 84
20 33
87 13
59 78
58 72
5 22
20 37
23 44
74 79
37 65
60 85
61 14
64 86
87 74
92 24
98 20
94 27
24 26
57 19
95 17
19 79
86 38
32 38
77 55
17 89
45 87
18 65
55 39
23 25
48 49
37 52
6 92
74 12
88 70
82 36
26 41
39 16
58 60
74 80
6 16
89 10
84 89
52 71
52 83
91 19
52 56
54 18
18 39
83 46
16 39
56 12
34 38
43 43
77 84
88 9
31 1
18 64
2 2
18 36
5 20
79 6
38 51
67 22
4 16
11 18
2 42
2 23
64 80
70 50
52 59
23 82
55 88
58 77
22 28
56 77
18 61
50 2
10 36
32 63
87 24
81 16
50 65
86 88
30 41
84 62
1 58
21 48
29 54
66 2
14 34
74 60
38 90
30 58
70 87
6 7
73 32
72 73
67 77
55 92
35 62
48 83
76 85
58 83
56 94
72 78
22 30
51 81
18 61
14 95
94 2
59 76
28 50
68 22
77 96
17 44
81 15
18 80
8 47
82 12
59 82
67 93
2 15
49 95
44 60
89 21
65 84
73 83
76 52
16 95
65 75
62 13
16 34
58 31
74 93
78 8
81 59
42 63
71 99
82 90
31 9
39 54
7 10
59 87
54 64
81 84
57 39
12 24
87 62
65 66
87 29
6 38
88 2
62 84
54 75
94 98
68 28
3 53
72 92
85 9
11 42
36 94
68 13
34 51
56 57
28 48
46 89
85 8
39 8
29 64
14 18
34 67
35 73
72 76
70 50
30 17
22 38
76 77
98 55
15 45
8 18
15 62
56 69
37 45
69 80
82 99
87 26
94 8
89 94
96 81
87 9
71 18
54 10
9 25
51 79
56 63
96 28
11 66
95 75
31 42
18 35
82 96
57 70
86 5
34 70
34 69
44 13
37 38
99 35
41 48
30 58
89 12
42 75
48 64
66 66
94 41
28 47
1 47
57 70
31 77
83 95
48 59
5 25
17 70
82 5
43 53
17 36
7 8
41 46
17 25
28 60
73 44
7 19
69 41
19 67
67 68
10 31
31 44
35 61
98 49
83 7
15 42
53 76
34 68
9 49
44 11
70 32
68 1
26 92
82 2
17 30
65 89
73 89
91 2
76 7
5 16
37 59
54 86
81 83
67 91
26 87
4 15
36 90
24 26
94 31
30 65
3 41
20 4
87 55
36 51
13 46
66 26
2 52
77 44
71 44
53 76
38 42
36 65
53 9
12 24
42 74
83 13
39 97
51 66
75 95
7 89
72 34
7 37
1 6
47 52
43 5
29 64
56 28
38 54
57 58
17 32
43 19
30 57
96 55
63 88
65 90
97 17
23 77
13 85
2 24
46 65
28 71
42 53
3 42
93 16
62 81
70 21
87 95
95 70
65 88
38 81
36 44
83 70
36 69
1 84
13 51
44 66
65 2
75 12
84 84
63 91
10 26
3 4
53 64
75 2
21 41
63 87
38 81
8 61
18 62
49 24
61 77
10 57
48 41
35 17
22 46
7 21
17 86
54 62
21 67
71 90
69 92
88 24
91 44
84 5
25 38
4 30
65 92
64 67
50 74
10 52
41 75
69 74
85 9
18 28
29 66
30 85
12 24
59 61
5 75
82 82
74 42
94 34
88 2
34 60
16 81
63 78
30 97
7 22
74 2
54 89
40 45
76 56
3 24
32 59
4 11
33 77
31 38
92 59
8 23
28 30
93 13
13 18
36 73
7 51
20 50
23 43
10 69
11 88
15 40
90 21
70 6
13 47
80 91
37 63
46 99
47 68
8 22
89 7
81 59
59 92
24 49
60 90
11 49
90 8
50 52
74 11
62 68
23 86
25 57
94 46
74 8
97 3
10 26
6 44
86 12
11 25
78 23
63 94
94 65
60 30
80 84
71 83
30 60
55 60
16 53
6 72
19 82
9 20
8 20
72 2
99 9
27 99
27 65
21 78
18 53
87 61
39 53
32 78
27 76
76 4
62 86
6 10
24 62
70 74
43 54
60 92
17 34
93 53
87 88
40 16
40 44
51 88
58 60
2 8
39 41
1 35
11 68
86 92
49 13
22 84
95 22
89 36
18 61
1 85
53 84
42 72
42 92
57 66
43 60
29 37
48 99
41 59
77 23
20 77
10 81
98 10
87 89
17 92
23 34
10 57
87 3
34 34
51 32
36 81
99 60
35 58
69 91
70 95
9 73
96 33
58 74
91 9
79 43
81 87
99 49
9 19
35 63
88 94
4 12
90 8
70 88
94 86
51 67
4 80
76 20
19 39
22 32
31 3
41 80
58 62
29 38
76 64
5 59
45 49
71 97
19 51
88 60
38 56
97 20
16 59
39 92
24 58
41 63
7 24
45 13
70 19
5 8
82 17
38 45
91 11
22 54
70 83
70 90
36 56
73 87
54 56
9 59
46 60
32 64
14 45
76 91
12 31
8 67
96 32
88 13
45 49
14 37
76 54
97 28
52 75
64 81
30 93
99 59
69 28
56 96
34 66
87 98
12 55
62 75
98 12
29 70
43 37
92 25
3 51
41 2
52 60
9 66
24 32
51 13
55 3
99 49
58 30
26 85
98 28
63 5
55 2
54 57
40 85
22 39
72 92
21 44
77 46
63 70
96 36
52 65
89 39
83 8
2 5
48 14
80 81
32 40
36 80
79 10
56 84
73 79
44 66
88 13
15 24
97 24
30 69
28 30
18 18
27 38
55 10
4 38
55 56
52 19
97 6
76 77
47 87
15 49
23 45
47 79
72 72
57 31
25 5
27 56
85 85
67 34
35 75
69 81
79 6
96 27
3 28
18 81
59 61
55 98
65 66
51 40
18 59
39 34
86 76
64 65
18 43
42 4
50 90
91 93
52 94
31 53
24 38
62 66
17 37
78 97
94 23
22 29
50 98
11 69
85 97
90 8
5 6
42 16
84 24
78 19
11 46
48 52
58 11
34 44
99 8
90 15
4 13
69 9
92 99
31 80
84 19
87 13
12 29
73 97
60 81
80 24
13 78
45 46
33 18
33 78
66 84
30 72
35 76
91 3
84 14
23 48
15 56
31 51
58 4
35 67
96 26
9 72
40 91
34 4
9 9
78 13
30 48
60 24
72 93
96 47
73 97
7 42
45 49
13 63
44 50
54 4
46 56
70 80
48 81
70 73
51 83
67 10
64 46
40 43
61 67
70 91
67 92
44 85
57 66
96 51
61 62
71 73
69 93
71 75
97 43
6 10
6 13
49 81
49 58
47 79
90 12
44 49
29 41
79 25
93 25
92 1
95 13
42 9
33 42
87 48
31 39
41 46
6 25
17 72
19 77
92 92
52 59
7 39
89 42
98 98
56 83
71 45
82 70
29 59
86 24
17 79
42 99
67 6
11 21
58 19
40 94
64 22
84 7
75 3
17 98
78 21
59 27
21 74
40 43
40 12
6 11
67 76
90 36
17 44
65 98
61 90
49 63
15 71
90 99
46 53
86 6
95 8
87 92
77 88
39 53
33 62
29 44
90 95
83 83
53 43
56 68
37 39
40 2
15 60
75 11
27 45
19 77
52 66
51 26
69 15
71 12
47 81
23 71
88 9
39 21
77 35
36 53
99 41
75 95
63 73
17 33
57 4
99 13
87 58
66 32
90 27
61 63
2 51
6 23
10 24
76 83
32 13
45 61
69 15
27 96
54 98
91 19
97 28
71 95
86 38
22 70
3 47
91 91
75 92
51 77
81 14
55 63
52 64
3 63
85 9
89 56
92 17
72 31
36 65
34 42
65 74
17 18
52 31
79 17
89 47
85 26
5 60
8 76
44 17
27 96
62 5
10 45
34 61
5 7
30 75
94 94
47 11
43 78
55 92
44 82
44 53
85 51
69 99
99 51
53 74
86 2
13 36
19 27
59 29
81 92
28 87
91 47
33 89
77 18
63 5
1 41
71 10
14 53
46 70
92 57
12 67
1 34
58 84
4 65
18 18
4 5
84 37
36 83
21 50
54 78
14 52
12 41
43 74
47 29
80 85
25 26
29 31
32 71
95 26
95 43
99 61
46 99
15 28
15 55
47 73
40 40
77 22
79 29
36 41
8 52
22 66
62 66
47 50
74 11
42 75
7 57
5 28
45 48
40 46
16 54
54 32
2 44
69 84
36 82
71 1
71 49
5 60
19 49
56 9
69 80
39 61
4 19
58 97
68 29
43 89
92 6
85 90
14 58
24 36
97 64
46 54
71 72
73 6
99 99
57 38
9 31
34 88
47 64
50 71
51 13
76 4
76 93
55 38
54 96
75 81
4 9
62 85
49 52
74 56
32 35
87 50
71 4
6 19
72 26
16 33
73 11
81 9
19 25
56 85
38 79
52 58
41 20
61 73
61 71
47 76
84 45
91 35
1 68
76 30
43 99
34 13
6 20
80 95
23 31
31 74
64 4
7 15
26 90
43 74
22 27
6 48
22 48
65 7
78 6
54 97
34 55
20 10
26 91
74 5
24 27
39 47
77 80
28 56
13 25
58 72
45 53
28 48
54 25
65 81
95 29
85 86
3 12
16 31
4 26
98 17
74 87
32 2
84 7
4 26
85 70
4 81
43 95
98 99
91 33
84 93
48 66
54 64
86 22
65 78
58 72
62 65
39 85
2 9
27 33
18 97
18 60
94 26
51 61
79 95
95 21
68 1
26 94
14 21
22 59
89 93
45 92
81 23
12 32
64 91
36 56
58 62
9 31
16 27
54 70
37 38
57 78
84 22
52 79
3 66
13 14
52 11
23 27
61 67
41 49
67 84
28 40
2 5
45 5
52 58
30 49
50 50
38 45
64 65
13 16
35 61
76 70
98 93
23 56
81 96
55 67
74 4
23 96
66 71
66 18
36 70
41 75
71 87
45 58
54 9
90 29
42 2
49 90
25 47
92 7
33 69
21 21
94 77
3 50
4 16
21 51
1 7
39 8
3 26
95 21
93 95
7 41
8 33
83 45
18 33
26 83
3 39
65 94
35 77
24 32
37 71
62 92
78 92
57 34
39 77
86 88
82 93
3 49
12 13
81 93
98 69
47 86
20 34
86 92
97 30
97 35
79 12
12 61
81 19
83 10
68 87
95 86
13 42
60 23
82 55
87 18
74 99
63 29
10 66
65 8
21 31
49 12
59 78
89 16
78 38
53 12
23 56
33 33
39 60
32 20
41 8
93 29
28 90
61 67
90 4
74 40
50 38
60 13
44 55
18 37
99 14
63 76
6 56
65 73
46 61
39 54
53 24
28 28
84 55
47 53
59 99
38 91
31 68
25 62
50 68
21 80
33 50
92 79
2 32
37 57
36 79
99 11
24 62
53 14
48 53
97 51
5 14
82 92
52 18
87 91
33 63
95 23
1 61
97 38
48 75
52 27
83 19
16 28
31 33
89 15
87 42
58 6
27 50
48 73
76 12
43 12
20 24
67 42
91 92
69 20
95 10
70 47
31 26
57 60
64 99
5 35
38 44
91 35
75 24
76 78
57 82
86 91
73 10
26 32
65 14
81 72
65 98
24 78
7 48
38 63
23 57
34 79
32 42
78 91
15 21
34 52
37 47
17 53
71 85
74 27
21 42
40 93
92 13
9 12
67 4
92 98
22 94
81 25
97 5
41 42
41 86
4 48
6 30
26 48
44 78
34 95
42 11
62 62
46 74
8 18
13 27
90 93
62 95
94 34
94 51
49 82
52 93
7 16
60 90
9 40
35 35
34 56
21 92
64 71
51 77
23 63
57 61
60 12
93 10
4 5
65 23
79 80
52 92
3 81
73 95
4 32
50 90
91 56
60 44
16 49
90 22
58 23
21 59
17 51
83 70
10 13
37 82
56 80
20 21
60 82
49 14
85 9
65 77
13 34
78 25
55 27
93 1
96 25
17 28
25 98
90 55
79 50
9 28
30 42
54 10
12 96
7 44
29 42
68 19
68 22
65 85
84 94
97 23
24 56
67 54
67 90
21 60
42 95
33 76
18 31
57 76
48 57
5 48
34 45
67 23
17 44
23 79
26 70
49 7
22 30
98 73
12 23
57 72
62 72
32 60
4 64
65 66
65 35
21 23
25 53
10 28
95 3
44 67
98 46
92 13
68 50
61 4
44 49
82 50
29 12
8 12
74 9
18 24
26 21
65 1
87 90
26 34
57 72
29 69
21 31
42 69
60 69
81 20
9 25
58 60
24 66
6 78
42 64
38 45
59 96
8 19
48 92
50 84
64 69
18 31
50 99
37 70
53 84
6 9
19 16
31 58
48 33
24 64
63 79
69 77
23 52
83 47
59 94
40 43
76 89
92 23
90 18
86 53
67 19
5 55
6 16
10 24
60 16
49 52
63 90
34 45
82 95
87 19
84 9
37 54
81 88
69 7
63 32
2 22
23 32
44 79
52 99
77 22
84 89
33 89
46 50
95 85
45 73
29 47
37 99
20 52
42 63
63 6
11 31
75 83
24 99
85 10
85 5
78 18
40 12
81 68
10 57
73 88
39 77
18 59
19 28
70 81
49 6
15 64
51 87
35 36
34 64
51 37
84 35
48 51
66 90
11 12
92 92
17 42
33 51
79 11
12 56
75 76
77 98
76 4
76 78
10 22
29 36
91 3
42 20
30 59
82 32
36 53
26 41
12 80
30 96
62 87
63 5
54 90
75 8
30 48
84 17
70 25
37 71
45 64
72 98
56 59
15 45
5 26
6 56
7 58
37 70
96 51
62 79
26 26
78 61
48 29
24 50
29 30
96 37
37 44
30 68
84 47
23 45
43 86
91 17
81 2
73 76
64 30
84 6
25 41
2 39
52 55
37 41
51 87
23 45
21 96
67 11
44 67
72 1
52 43
93 38
60 87
51 1
67 52
88 30
29 52
92 16
23 36
1 56
66 32
50 42
13 65
93 14
15 60
85 34
17 65
8 37
82 25
84 93
29 32
24 74
22 89
6 11
2 16
30 97
88 13
81 52
66 26
68 90
23 88
33 54
69 75
79 38
28 65
70 47
87 35
49 16
50 99
83 38
95 5
67 42
87 13
53 64
78 7
57 11
81 89
10 16
97 78
7 84
65 85
32 56
21 54
53 69
93 25
53 12
7 59
84 35
65 76
64 11
63 88
19 40
55 96
43 55
83 22
56 70
80 60
34 67
59 75
61 2
5 31
65 84
21 8
7 20
75 86
93 33
85 98
72 79
17 32
67 44
27 82
73 19
68 8
49 77
65 12
80 98
80 64
48 33
18 18
63 64
89 26
16 39
40 44
1 6
14 16
40 20
79 85
92 97
65 35
14 37
2 16
91 26
66 88
95 10
82 83
22 62
21 34
30 78
11 64
15 33
59 14
85 22
78 92
88 18
26 86
22 45
58 25
33 4
8 34
58 68
78 18
86 87
70 44
96 27
86 17
54 83
43 3
37 38
61 28
25 70
80 35
57 77
83 92
24 53
47 63
46 69
79 16
95 17
86 42
75 91
51 12
3 36
22 49
77 55
87 4
77 3
68 83
11 85
63 86
92 2
85 94
38 65
40 95
23 24
42 43
53 83
10 51
19 94
30 2
14 21
52 31
34 63
36 44
27 47
51 80
44 7
47 16
81 45
9 44
69 32
28 91
90 94
65 68
48 48
10 12
59 91
91 9
15 61
89 21
51 81
42 88
60 25
42 51
56 3
67 88
61 64
76 83
3 55
49 53
15 37
24 39
23 72
27 67
97 5
34 35
22 37
58 70
43 77
8 23
48 54
96 28
86 57
43 52
92 5
56 83
35 3
80 90
50 96
24 56
19 8
46 67
8 12
39 82
25 72
55 58
99 22
67 4
93 40
2 44
87 96
72 5
99 22
59 64
15 68
94 62
68 83
15 59
75 2
31 46
80 80
14 62
9 23
12 40
59 75
80 95
1 15
46 94
37 45
48 75
36 16
2 5
57 87
94 42
57 74
48 64
97 62
15 51
63 42
49 18
2 76
33 64
79 1
61 25
7 26
3 8
55 9
22 51
51 90
80 4
90 7
98 38
60 13
78 33
40 49
18 36
12 30
70 70
77 86
15 52
5 45
95 14
5 28
88 25
94 47
38 43
72 75
60 23
10 22
94 18
59 91
26 65
26 45
94 95
8 57
65 71
90 33
48 59
22 66
35 68
18 81
87 23
55 82
65 28
17 25
72 93
79 24
38 89
25 34
16 32
46 58
21 45
38 73
96 16
58 66
97 4
70 38
31 49
19 27
4 64
56 27
63 10
97 17
5 7
69 53
27 64
20 29
29 30
44 4
73 25
32 45
13 41
57 73
26 65
2 7
42 76
77 36
53 2
14 25
81 9
42 68
55 64
28 32
2 15
4 81
86 24
50 60
49 56
10 3
50 60
49 53
89 19
76 65
29 36
93 13
48 99
13 38
28 55
59 60
54 71
45 63
34 54
57 8
92 27
24 81
84 94
74 97
28 63
47 66
40 62
10 55
75 95
43 79
75 8
42 84
17 65
39 96
1 20
25 42
47 58
83 33
43 95
80 36
47 58
66 2
38 55
37 5
51 98
44 53
33 41
17 30
73 99
85 94
84 1
98 4
60 3
93 19
21 27
36 60
22 39
27 44
77 15
22 94
47 66
22 22
72 22
29 31
93 99
17 7
45 61
72 8
85 15
56 33
33 74
98 57
97 40
29 93
99 23
63 89
78 13
75 18
24 72
69 89
46 89
59 31
45 81
50 7
44 30
20 95
47 51
30 75
4 56
99 35
60 8
31 94
98 69
27 27
59 81
42 51
66 6
47 57
84 70
96 25
28 66
81 41
19 66
36 25
13 62
10 12
2 78
85 97
82 11
11 15
30 59
19 35
62 97
16 53
49 69
61 65
39 74
22 64
45 56
24 65
55 55
86 48
2 24
51 30
86 1
58 10
81 48
49 71
76 83
92 97
85 27
9 61
17 87
40 43
61 96
51 92
20 57
10 10
32 18
78 81
79 90
93 98
47 49
38 49
39 92
53 25
3 63
83 99
64 65
52 54
10 58
26 80
93 29
6 54
30 88
21 57
60 84
32 39
13 66
17 20
63 78
81 97
15 43
46 92
12 34
41 41
78 27
46 81
99 15
53 38
47 83
4 55
73 75
52 96
19 21
43 70
11 61
10 50
69 71
89 41
37 37
65 60
61 21
59 73
16 41
73 73
87 49
81 22
11 60
7 38
6 43
79 31
66 53
5 41
21 33
23 40
25 29
70 84
56 14
40 53
36 97
48 74
2 13
88 31
68 42
38 50
58 74
53 57
20 26
88 92
61 74
85 24
75 45
74 21
36 47
60 35
44 3
50 61
95 23
28 35
61 17
97 58
87 96
70 79
88 54
53 37
5 45
34 72
84 12
66 90
51 1
72 28
51 97
22 65
9 38
79 91
25 63
87 18
68 76
62 91
92 35
9 9
84 34
27 87
28 52
60 50
82 20
11 53
21 44
62 72
45 54
59 8
5 29
54 2
43 56
42 54
15 60
84 87
91 44
79 65
28 77
38 82
75 76
21 3
21 71
92 3
74 82
98 8
89 92
66 93
56 62
4 39
42 64
28 79
66 7
10 26
56 70
89 91
43 74
37 43
83 33
72 93
62 64
66 21
97 10
24 50
82 4
39 5
15 66
6 22
17 35
80 89
82 25
38 61
64 8
19 69
65 26
60 95
32 17
84 31
81 93
72 31
65 24
39 41
54 54
75 17
25 28
44 59
39 22
70 91
33 33
19 69
21 76
88 90
26 38
57 74
51 56
49 70
35 54
58 71
90 96
25 55
66 46
52 92
60 70
96 26
80 91
72 8
41 48
48 85
12 35
1 34
42 16
47 54
95 32
24 66
23 94
71 6
33 87
5 49
68 74
86 11
67 20
11 25
86 5
68 61
64 75
8 70
41 62
38 65
70 71
74 23
17 74
57 88
32 60
52 65
95 7
57 6
19 2
1 1
73 85
95 95
44 45
37 38
74 85
33 41
98 11
82 6
99 79
66 95
3 7
63 67
37 39
19 65
86 71
86 27
30 54
10 79
27 46
98 24
94 26
52 54
23 39
70 12
87 45
47 55
25 69
97 7
89 38
34 37
79 16
89 30
41 70
32 88
95 41
99 14
68 68
52 63
50 89
8 64
56 92
49 23
1 54
69 86
91 37
46 52
46 80
83 95
80 40
77 44
16 94
83 33
71 38
1 58
68 34
24 35
37 77
42 6
79 38
75 79
29 63
94 37
44 78
86 24
80 86
67 19
37 62
19 52
91 97
39 89
1 2
46 24
82 6
18 78
78 16
74 17
53 76
24 89
29 29
44 54
92 12
64 53
98 2
39 70
26 90
51 16
23 50
49 88
58 6
58 83
66 69
40 47
89 31
33 43
61 75
47 82
1 25
44 63
81 17
92 2
64 6
95 11
65 51
39 59
77 12
44 13
44 7
1 6
58 68
65 40
66 5
52 96
38 4
43 85
93 37
65 78
61 19
6 25
30 41
39 56
67 94
95 38
72 29
19 7
65 98
4 62
99 67
5 55
16 73
85 48
91 97
75 36
48 72
63 13
22 36
80 3
92 96
52 1
80 30
3 39
48 52
57 91
97 23
82 20
19 71
98 12
72 44
25 54
73 96
19 21
37 20
9 44
45 83
78 96
76 94
96 22
70 19
37 5
26 41
61 63
65 93
24 31
10 69
29 15
23 49
15 29
60 85
67 25
27 45
40 60
42 25
73 85
79 53
38 68
95 59
24 41
59 87
71 37
20 32
16 58
19 26
74 44
46 96
8 99
8 24
11 75
41 12
91 34
26 65
48 51
70 23
7 60
99 79
28 41
50 73
49 55
62 87
56 66
32 83
1 62
43 96
83 12
28 40
53 70
32 35
94 13
89 39
1 18
27 53
63 26
90 13
67 92
42 58
9 37
47 55
10 23
13 46
13 63
78 98
55 24
44 48
15 39
13 41
66 29
79 79
95 96
3 55
84 99
61 70
94 3
36 57
60 78
51 57
33 68
57 58
77 33
76 15
72 15
66 96
7 32
23 55
24 67
50 53
85 7
16 18
46 74
38 84
12 45
48 9
36 42
51 9
15 17
63 8
44 93
81 3
40 41
31 42
96 9
92 55
6 51
27 15
25 42
2 18
23 27
61 67
93 76
86 65
43 50
12 34
95 58
89 38
36 94
49 55
73 12
77 82
90 59
91 12
45 54
87 13
49 53
6 76
59 2
66 2
39 90
51 56
50 15
87 95
38 76
84 44
91 46
2 8
19 21
64 18
93 30
14 97
22 91
48 85
95 26
32 78
73 78
5 46
57 90
59 68
64 82
94 51
90 23
34 64
7 17
70 89
63 65
48 21
27 91
89 30
42 74
49 57
9 79
76 85
73 83
32 70
17 37
29 81
45 52
81 48
78 83
78 8
15 24
35 53
29 86
46 66
71 64
8 15
39 58
32 54
71 94
23 37
39 39
48 29
69 69
84 1
31 34
83 14
10 36
33 84
5 11
65 15
80 11
9 29
43 18
46 86
25 53
4 82
68 87
48 5
58 96
12 24
