127 8128
nsaiotcudrjcykzlxrisekxekvwxbwaezfjiitsvupiqh
mvgpdfrprdwjyprvtynocvuzhmiyme
ltwlmhnsvxfpcqdaubfyoxslwpsunkm
tnntduthemoeijfqnibhhbzekikqymln
ycqteacvserxzwswxrwugythkthfaophljzxnnlqpxbkidef
kxoageaywzapbiiaupysdgxivgnuufkdszuvsypocdcnhj
qdjkigqeyahxisoaehyjpoiwhlsaxyqiqzwxoi
zwpykumphyknnoizdexeropuweyvlictvztiuderuxo
gsuqdcledqkhpmfiewpggqdcbhjbkzjmgendnuro
jvdakvptiqwkdvgfypmsxqylqxivegb
thvooteglkrurnwwlnhoaejtabgvekdagwulmky
zejdibxtfdkqrfrnsgnkzlbxmzyohfcoldepomgnf
btcjdpcncynkhcbvqwvplqqwiszptoinbomtb
mhlkpifoqpvvvfvscdhfxsryvaucehuug
pknentjtujqyammkxbemrsqofrypimbekbvkbtdyfeega
qczlauvauewvgndhaknpsrrfslbsb
iqswgmaozooktdsgvmzyalctbstuaymffz
lsepkiycnjyzrwrbrooxmumojfeul
ddqscrsyxxdyyuletvykjgptuhofecxcgigpyarevsipq
uluaafhpgxgwfmzkeutpbaxmvetthla
copxypemsopptxegipkwwtkktejkoumij
qmosmzpzhepagmqrsktdoidwybkhevtrdafrxjlysvra
pzidqhvjzlotmbjcplxigbblvaxfzwvaxyffdxhojwcepe
ujehhqdqdubikkygnujldirxvcxaotjos
dcljonvoqkygemdywmujhipsjsyrbzd
ifkwqagfwpyxrqhearhddbpgzscdfxuhpyblwiqu
bniwizhjmrtfugptgnfciqwkkjnnhmtgkexsneclh
zpvtovtmtniswobzgnofjifbcpatqyqfbvogcfbrtxuz
nsddrtkwrzappzhcxbiqjfgryruvm
ccdbbkugeskkzoaexasiktsspunov
nwemtecxkamuvviwohzyfsfmkqjadqlnhijhcw
pprjkdarzusmsbozlvppbcfovxlmnklphpmhpbamkne
xwxeoljstpbkcmxozpqyqkxsbsvoxudhsnzodtql
qmjcarppiaihimkmaiabderhmujuzcbwuidddxkfwbfuza
azzpdqexefobdbjmpvzyswtppiungijpawwhkd
rnttqexiyamvpwiwsjxoxsthutiuhpriintlpvuqgr
xnrlyvwnlumwhosrjkksmkpnfdxixxsbxjbpaxrnqz
sesipwsybrtdgrexgybnuceqlpdhoozcf
dvtuevgyoqkqvqebrqctkbrcpirhofmsaws
cwdtcevtbaltllwqstwebmfddyzsbtrpsxxaqiwsizzlkhru
kduabyodrlxogxantwzgszlgdzimuxie
xseucfqwkdjwexfqqapixbbtnlavqnfxs
abvwhuzadopeounvtperxbkcffrmkdwqvhaoiffllunst
kzsqtvwcxemopwhaabzpjdezrmnfmfczcdi
aiosjwivqjspiidrfqikizsebzqvuwqsyjqgfjccikzq
pnzbdkhifxidlexitmxwlcqfpjwnsrxvx
ubutmemwgwmugslvtcgjftfvlcmxqiijswavpxesmboeidf
xjfkrnczwfjzezucdselossdqdfzw
jgeopwrxqzvukjxrxgdkxcjglrxweyguhvdv
kiizxzkosblboxjuwnkfcrbmuzyniwz
jpujfpcjiwhgsueiiovkxmkhrcuiftbgeiaqay
tykzrsqxdemjolzxsfmstqykmdocjr
drntvfcxvhlgwmiugpovmwvtwtsdasgzwogjcoyppnbozdx
azonfuzzmoiohihnvixtkhyklqcdjecjq
zenlpshtmhzmfxpvftdukmvzaagecahfhzbbvhzobgsybtez
rwzanaqqlebdnfioygrnktomnrytvmbtponavwiww
dxxumxbmoakuufecwqrqiejwtwhlaqljpqndejcvkroyuprh
nqbkcmvexvnwvdufczqajckjtpxxlay
defkxzcivxmycckzujrepxkejlmlfrgblwieknvmjigmaxfk
vmesrqrazrlbvqvgoxuzegoyxhjpdypmqnwy
jmekcljxubfsjygxurfioxzvqguvz
bzztsdburmfwhwlzhegazmcldnqijhgglbtz
mubrorsdinuauuopjyhmmrqprbmsqnksbsyhdgooswsorvlg
hjfhvzvxmzgvxqergswkdeqnlivxyarzrrgiymguonf
ezrhhfnsmemzibojyrxwyzbhkvhitrohhldvz
mxidwxjvptdzrylvanhhianpulltnxb
bagpuehlsocfwuongmjsocpztqppwhyycsyqczj
yerwlwjmygwjpjwzdkguzvycqdkyyllvlwxuczjagb
vuslvwarpjjxifydwotfizppwupbppwgeacm
zozozqxgidayxnuuswcxhxlkwtvtxpgaag
mqoocomnctdxscvynhitjahvtelhjpav
ytjxmcfnjoqflkhbxpngpeykhpvzeialejk
whwyznamlyxepkiilwielndstmjyrxjrtrtmugtwx
jujrnwsxiwovaomxrjrzuatlolkpyxvqeabuyqghnexvjth
wlhjycgekmooykwlvhtnassypkrbvmqb
sqjacijssnomqcvjecfjvwuyoerzw
hbtjkiuchvbzzacbdajddrigslfphgybxvumcspokgjn
rnelxemsdgwxluldvgvrpqdmrucnls
vexrlpwmrcnznlakzzmunbgzovbyaucguivideuofgohhzu
zxodwtkyknwkazzfblkjjdeuxyoszowhpabmwwvrqh
leddokxnohvowterxvpddkbctvrdhwwasywncyuwa
biosppzqcwiymrggvoziloafhzbvs
qqzptuhcjvmdvxphxwwxuxpmzkjfueqmnclx
hcfgprzqntdjrbmitwmrqkdrngzpeusxlkvmpoeszwdqx
rwfnlguwjooyeolomqvyfzqnronsizrwzgufklopplen
jcviyyfuckcilkjomfbnqpzflcwsnyukkifr
zpxcvhpnqggadbenodouzucrwrhndxvbnffjbgvtqh
tjgzdnxydogtcszahcwksticbnoacx
hemcepnavcyxbjmlhjjkblygcinen
uuawqyxvjimjxultntnnqyvfdrcgharjqupasnnng
ktphyqujiyptezxkrrwaksasczszuamb
utzzxyqdizvfralguxduhldlctmbaxsvjg
jqqsdjrzavzmdromdsaaccflflyuonxllqgbwknwvjplkc
oswrldmgfqfwjizizuifutmenjhjgbvhzfcentkhkcytpev
dmpjhtngkrtkeohvuentgodzagwzmpfvdzgs
misrddwsuagjwhvzwtxjzwrkgivdaejzyksjpgiyeejvw
nakosgpmpzuiqidkvdzpymtikjijxpr
tqoiknhvnnbzjwaiuxxpwipfzgccwthfn
ctqrmggyvsoicfwbiznsiqcxgsjrhtjjhkswto
jswpuqkweehuxtdigorhkjxloljqfafrdfceyxledeqrqzba
uqjldgqhdlavsrfanrhchsmkmkcszurdwdymmuvf
zlsxngtarqmsllzxvwshbnpvcxbxejdlztgnuajsl
wtltphsuvvircqjsxkfsyhnhwrsxxljvxtirhxaedunaghsa
rjkkfwmihudrzwtvachdlpfaldxklomvnwqxfisqa
cnpavlalbroikgbcjqmjoriafjlmckvpsmty
wgrhvkvpzbwnrogclkqhxcyfjvfmqbm
cmtrlsjlpmtrgqjqxrqbogznlgnyunzumqt
sreklanbchfocfpwfclhrlfzozklglogrrxqt
ssdztdjcabgvyctpfbicodtdfthcxa
cguqyngzbdeiqgylnlydsogdleolanxhqxeivaltalfcth
oqqlqqqkmizexyqciybauhgpxevixqvifakrhjgncwz
qmlrmvmprabpyeanhggygmbfbakalymcirquwlkdhpodmkm
exwtwdoedwkqjovztvdoalzdjdomvimoyzfqpdmzesgii
qzeqphdjcyvbzqrqjalcqppjkuwqdnqhyyujwcdq
gspilxcffeckqsnqjllsbtompnndjfjpf
tbkbvfqqczmycrlhkqrclhkzyzbdxrevrdlkgiezlqbk
wbnvkdorhenyqtcycucpxvrvdubcvwenibfnmqn
uhjvhukpxnmvcbiogpblbnbrwghxa
ijgfiegbukaetdcperwucjcticwglozgjpn
esjbcvgbrpqmovdidxtmtoehwriuykveqnjka
rtdocnfddsazlvuoliuugybatcwhxfansvywxgqpdnxyqkh
qfjgphrqfqjbuxryzuaurjwrmuarpvlpkzs
vnwfdsnkyseylnusqfdcsxsvjpukzuvlmnzent
xtidznioptcstcafwmdlanlokrtcyxrkvdwzbajoscykfb
gtpktkiehocyqxqizbfdbkbtzdcmzeowqdhmmcmibvseuels
rvuwzvhhtblvfcvruhcttaxzjtbbkebnjdngi
gqmgwsqkhogatjymeuovifkaarxyigsbebqgdome
20 115
124 55
20 101
106 119
3 14
61 69
3 89
111 126
6 93
80 102
19 60
52 110
54 122
23 40
68 96
123 8
38 47
82 123
22 29
75 117
62 123
103 40
16 39
22 45
17 48
60 101
25 34
60 69
55 74
46 78
104 116
38 58
70 104
83 104
7 110
76 31
125 83
66 89
94 14
75 38
75 32
125 39
91 114
91 36
62 127
87 95
105 35
61 94
106 70
101 11
120 57
85 107
46 90
10 47
111 27
95 30
57 71
40 104
98 115
56 98
76 59
19 35
76 21
16 82
65 95
52 83
27 28
4 102
17 91
92 105
55 74
4 58
113 7
53 80
77 83
126 8
114 5
27 62
8 90
89 103
102 11
12 55
85 46
29 115
59 122
40 88
81 92
85 58
99 119
1 32
36 78
39 98
124 7
79 22
69 124
25 42
2 17
96 112
111 23
8 48
102 16
51 53
12 13
17 51
28 86
29 47
79 104
47 67
29 64
70 112
76 35
116 33
97 18
77 99
53 61
64 77
42 11
40 56
86 89
104 60
27 87
46 95
21 27
38 54
26 86
86 90
50 75
108 6
17 51
10 54
70 114
25 82
105 107
32 116
51 3
2 5
63 100
70 109
84 113
54 89
11 65
50 65
93 102
59 29
114 19
110 46
8 13
23 49
124 21
73 114
93 94
14 45
120 41
60 89
115 62
15 25
60 63
22 42
6 56
82 101
29 118
119 24
1 5
87 76
55 76
63 64
87 47
98 3
100 2
33 39
39 76
3 18
25 46
30 91
44 81
39 14
83 116
28 46
1 31
73 25
112 117
38 45
90 46
12 56
43 49
31 98
33 33
117 38
42 105
32 94
86 8
54 88
15 48
99 5
64 87
10 41
84 26
96 18
119 19
119 23
19 106
86 98
15 54
11 49
124 55
93 20
117 8
66 69
72 13
105 58
54 60
62 62
69 81
120 18
75 103
2 20
32 85
98 107
66 1
77 85
29 31
85 30
70 12
55 109
94 24
63 67
93 9
35 66
94 60
48 50
50 110
111 21
115 74
69 72
82 108
17 54
60 2
113 36
45 53
25 37
67 71
86 99
85 86
34 95
36 38
74 3
78 84
117 49
55 79
92 103
91 95
124 42
11 106
59 115
93 63
86 93
83 89
86 113
37 73
67 29
105 7
89 107
3 17
126 30
10 53
63 106
103 10
49 123
33 85
79 114
17 24
65 73
67 2
27 32
49 82
43 110
82 91
125 76
119 39
63 68
70 73
78 81
58 99
8 33
48 92
126 69
88 28
87 35
29 108
63 86
26 62
57 58
20 41
79 50
33 34
69 19
110 112
41 90
67 82
15 80
105 127
44 112
59 125
122 54
126 44
123 27
72 33
45 122
121 15
37 52
59 88
93 94
67 114
113 6
116 26
27 50
31 11
106 112
37 78
126 83
5 11
41 103
30 48
21 81
27 55
20 54
101 81
68 20
66 34
21 59
78 90
80 90
20 45
125 126
51 97
2 31
50 55
67 82
80 104
74 109
50 82
60 91
111 80
66 88
31 60
15 36
110 63
89 111
40 43
115 42
78 100
65 85
61 127
11 81
62 1
93 109
28 114
114 8
51 78
11 12
88 94
115 59
22 97
84 110
77 17
29 53
121 5
24 41
101 61
79 41
19 43
58 58
25 58
25 1
104 112
34 119
52 82
25 29
76 122
15 126
78 116
69 7
7 9
52 107
39 53
41 101
88 66
89 104
125 125
19 33
25 34
10 105
8 88
106 106
12 71
28 73
11 36
19 40
5 100
67 6
49 99
40 98
35 41
32 44
109 122
27 76
60 48
53 62
19 36
64 106
73 4
4 83
26 44
115 24
111 15
52 80
35 110
59 69
7 26
57 15
114 71
67 117
117 13
98 87
46 52
67 99
47 93
122 39
55 94
33 125
26 63
111 56
31 73
26 87
125 99
66 105
23 91
42 63
74 16
60 75
9 94
98 107
26 94
102 105
40 71
117 83
109 115
43 87
38 39
98 15
37 60
85 3
55 106
15 17
120 13
26 59
83 45
63 102
12 76
14 55
80 36
76 30
26 60
82 11
63 20
120 126
27 35
95 117
87 98
40 55
61 112
51 88
64 99
16 22
104 121
43 75
24 107
75 81
14 1
39 95
110 125
93 124
63 63
20 101
93 114
124 13
3 71
12 32
15 20
12 71
49 20
37 67
101 126
81 122
93 108
118 63
54 16
39 14
15 93
40 105
85 94
98 100
107 8
108 114
61 89
109 117
63 69
37 40
78 2
46 127
11 70
59 101
31 98
75 16
67 18
10 30
98 119
69 110
17 18
81 39
18 47
35 55
98 111
97 119
81 85
110 7
90 125
25 1
9 29
20 99
44 71
77 92
123 126
37 114
106 107
117 33
59 100
34 76
101 116
15 25
109 51
115 19
80 3
91 13
47 83
95 30
31 115
125 86
74 83
24 41
41 53
97 112
48 116
38 55
83 27
123 18
15 28
53 98
18 23
60 120
34 43
104 70
87 98
113 52
48 19
73 122
39 73
46 24
17 108
82 96
69 113
121 14
85 115
113 60
89 19
19 95
36 53
105 117
20 91
124 43
103 87
52 66
116 59
71 114
62 88
32 75
61 44
50 64
40 65
14 92
16 93
54 58
113 32
57 78
100 114
108 63
125 22
125 72
38 62
29 92
40 6
7 38
29 117
26 81
64 104
116 70
97 121
61 48
106 123
61 108
72 108
98 29
117 61
43 56
59 96
116 39
12 115
64 119
41 97
113 115
89 106
10 32
45 84
15 94
123 11
33 73
93 36
4 33
49 83
17 101
93 104
66 107
114 18
116 2
74 97
54 30
88 3
55 76
78 51
103 60
31 58
11 13
104 3
75 18
9 56
17 49
24 34
80 98
84 118
75 76
71 13
72 11
50 74
98 117
99 5
75 100
10 27
52 91
95 101
2 54
28 33
68 34
96 97
66 119
107 120
56 69
109 49
116 34
66 96
126 106
60 72
12 111
18 114
42 66
111 29
40 121
94 121
64 127
14 27
75 94
127 16
57 74
45 81
60 74
74 83
41 84
14 41
40 115
51 118
36 69
35 47
75 8
25 40
86 97
81 64
83 87
10 63
81 17
123 11
2 69
58 116
10 75
2 82
60 64
39 64
56 92
112 11
125 42
45 48
24 103
18 24
72 31
85 108
32 56
48 8
106 20
56 73
92 31
112 4
71 14
42 107
60 120
28 63
102 27
55 106
20 28
14 14
58 78
107 121
45 58
4 35
67 77
90 3
64 83
19 88
55 75
97 47
19 83
87 40
67 80
10 68
40 106
85 19
13 54
50 27
72 45
20 82
120 124
120 46
3 60
67 114
76 27
12 48
120 17
126 51
40 11
63 88
43 80
100 116
83 26
97 6
36 53
15 35
109 29
124 54
20 21
73 85
7 29
39 86
28 33
91 109
45 50
84 31
77 91
99 64
39 123
10 115
73 94
73 90
2 108
120 28
22 65
74 82
4 116
4 14
125 3
116 30
13 51
32 59
20 45
102 32
99 69
20 44
94 100
14 54
123 43
5 96
39 79
32 68
69 71
58 116
49 73
16 66
70 11
82 108
42 62
57 123
42 80
1 27
55 91
5 8
111 124
83 120
87 26
93 51
67 2
29 103
37 41
124 48
98 111
91 119
26 27
79 15
78 12
50 70
76 106
34 35
43 59
16 62
75 9
43 46
125 79
21 72
79 118
32 34
41 53
103 126
72 79
44 115
111 111
6 16
34 102
44 59
43 48
73 84
76 112
56 76
31 79
60 121
97 66
23 125
28 104
4 15
20 74
100 51
9 67
70 91
29 35
116 4
87 88
118 27
86 44
51 62
67 49
127 8
15 28
70 101
104 8
79 117
5 85
108 31
100 102
86 122
88 22
76 77
56 107
121 26
6 6
63 95
50 55
39 115
16 124
37 50
96 90
33 106
30 58
125 1
86 20
66 93
52 88
18 43
30 63
92 123
20 122
11 54
124 10
61 13
122 8
91 105
58 90
62 69
125 33
34 119
123 42
115 15
22 105
37 85
11 35
73 85
48 17
56 86
53 62
47 79
6 19
125 85
121 43
99 103
38 54
53 78
10 18
68 115
11 46
1 105
56 82
19 43
102 106
72 119
46 116
105 112
47 4
102 104
102 72
65 104
81 105
87 96
118 10
32 44
51 67
90 119
58 108
109 18
119 94
76 124
47 94
63 67
85 18
103 28
50 71
61 92
48 55
63 113
21 49
102 26
69 16
54 80
50 110
22 61
29 45
28 94
61 86
79 119
52 111
44 87
2 31
57 34
110 16
89 98
102 50
79 120
92 45
26 78
126 85
88 101
121 17
105 124
84 103
95 114
24 29
72 107
96 81
4 30
57 125
19 29
121 29
85 120
114 56
35 35
104 27
118 127
92 107
56 14
115 85
71 122
52 94
13 32
108 74
3 124
36 80
114 55
47 52
96 102
72 9
117 78
65 104
40 107
39 81
23 38
42 57
35 68
98 43
97 42
104 10
20 77
120 55
57 84
98 118
57 96
82 89
106 27
91 96
91 1
53 118
124 60
85 90
106 23
98 105
45 57
120 41
33 61
36 58
99 19
117 43
88 114
35 10
127 22
44 91
68 8
112 127
92 103
73 92
81 99
53 94
65 78
63 16
57 68
121 23
117 20
17 21
82 107
32 42
9 15
34 101
53 95
53 15
111 44
39 25
113 39
24 102
111 29
12 37
20 47
48 63
54 127
87 26
114 123
109 18
78 82
27 32
82 112
26 51
76 118
111 41
6 11
31 104
68 84
72 88
46 95
113 45
100 51
120 7
7 57
51 102
60 68
112 14
81 30
71 116
55 21
20 60
21 32
101 106
55 29
23 41
90 3
89 107
47 50
58 60
51 54
92 14
38 72
60 20
63 73
35 20
90 100
53 68
44 12
43 65
42 89
14 28
1 5
30 112
19 31
105 108
88 9
93 6
5 41
70 93
8 92
88 12
80 81
30 44
47 61
106 38
41 6
113 39
1 42
17 71
5 27
37 86
58 41
77 83
102 1
10 51
110 119
55 57
55 114
72 89
69 24
55 71
58 69
7 106
113 8
33 43
65 103
86 95
53 102
123 54
14 108
59 40
17 84
71 37
54 127
120 122
88 110
70 89
90 126
67 53
31 37
115 118
67 39
85 100
117 74
84 90
47 113
78 110
24 68
3 33
49 69
104 5
64 64
30 36
21 58
110 1
11 81
3 63
39 57
80 119
18 51
113 36
79 97
93 105
5 58
22 46
120 25
55 58
65 121
66 90
102 12
68 124
60 116
66 84
69 12
84 50
81 95
39 115
66 106
40 71
52 62
98 115
72 92
127 5
49 58
22 42
95 39
37 79
21 41
20 30
120 16
33 38
74 32
124 16
126 35
47 53
40 75
4 52
7 74
65 80
81 19
75 108
2 27
117 38
70 100
123 72
112 5
113 114
46 59
99 50
114 118
35 35
56 18
95 121
49 58
64 89
89 27
58 82
78 84
99 28
73 30
24 87
54 60
52 78
78 92
43 54
106 8
74 46
48 72
102 9
94 36
120 124
25 71
77 88
126 12
100 36
84 110
73 52
27 105
40 45
39 57
96 63
91 26
52 126
41 74
63 63
67 111
66 71
114 88
114 124
55 67
16 42
81 87
21 97
19 107
117 16
72 82
127 27
125 26
77 91
34 96
121 57
92 1
110 126
15 36
56 109
44 78
42 90
111 111
51 90
94 3
6 40
67 89
78 111
111 18
7 103
89 24
54 120
1 45
57 121
20 83
32 122
50 65
66 10
123 55
124 35
69 98
110 127
25 112
51 74
21 104
76 86
107 32
2 28
66 117
72 15
5 97
1 55
40 72
83 126
57 102
79 8
71 111
98 1
1 105
42 79
51 123
33 119
81 95
56 119
61 84
91 56
28 60
111 25
116 7
54 30
50 96
62 69
49 79
14 55
37 52
16 25
58 2
117 48
88 95
19 35
116 124
6 45
20 75
67 109
123 7
108 80
104 5
78 96
14 33
54 76
47 59
61 72
16 25
10 2
27 59
108 59
65 11
8 35
50 107
81 87
37 86
87 2
18 107
39 47
124 17
4 11
8 26
120 43
63 31
50 97
95 34
20 72
50 54
112 39
10 30
90 97
3 41
93 120
78 28
91 121
56 93
73 11
79 42
59 64
20 38
77 124
104 60
25 64
30 43
37 67
19 104
34 52
1 2
75 25
13 68
73 117
40 112
95 96
98 26
19 34
86 96
117 117
40 53
61 74
117 17
13 31
122 18
58 61
93 47
60 28
45 97
36 48
4 9
124 91
63 1
93 10
39 113
85 95
60 100
86 72
13 45
38 81
3 4
89 15
15 79
119 4
34 36
84 94
16 107
45 104
50 50
56 76
35 55
122 125
38 34
90 101
95 2
69 96
25 76
73 18
77 27
104 78
16 29
95 38
36 43
78 11
117 89
37 53
88 31
116 38
104 5
113 21
21 96
99 112
50 76
81 122
6 71
123 10
25 15
79 22
64 117
113 43
100 91
75 106
78 79
100 122
69 79
65 95
77 80
43 91
89 89
62 18
8 105
18 7
83 100
125 20
46 84
95 124
66 4
52 107
124 13
10 81
107 37
123 12
16 50
23 38
7 29
60 21
78 82
71 8
52 64
4 40
124 47
40 5
111 39
13 65
34 123
60 34
110 39
44 80
23 53
108 42
27 51
84 24
54 83
103 6
29 119
55 83
78 12
23 13
10 64
110 34
86 110
3 28
39 82
108 46
53 86
127 43
14 15
70 102
116 78
24 89
117 31
28 70
11 22
28 30
16 17
34 127
108 89
112 113
38 91
69 49
12 34
58 63
60 23
89 119
90 62
105 35
123 2
62 87
52 69
55 24
73 24
122 21
4 19
13 103
32 78
123 18
71 121
73 5
101 119
102 104
92 103
76 115
108 10
122 67
96 8
117 17
116 29
105 118
18 52
123 62
41 115
2 72
70 3
100 105
3 50
97 126
9 69
126 6
100 27
74 6
17 45
42 78
57 11
53 64
72 116
10 23
43 20
95 112
4 44
118 4
115 32
126 33
81 24
121 43
48 69
26 50
78 88
94 116
14 119
59 57
80 53
95 125
37 109
26 41
39 3
36 110
127 127
65 123
23 49
43 69
18 94
48 105
56 117
57 76
90 34
92 45
99 28
45 47
87 116
80 30
45 101
122 42
84 85
91 115
37 65
76 3
4 39
94 103
47 17
85 70
6 41
17 21
12 34
35 102
89 96
119 5
13 40
21 78
13 36
46 92
118 27
41 99
101 116
12 82
107 41
120 6
15 41
104 15
90 95
110 13
106 121
120 8
98 35
81 103
104 55
33 51
33 80
71 88
66 38
94 20
30 1
56 118
61 96
59 62
72 99
42 95
51 55
61 68
29 86
64 17
125 126
7 22
87 91
81 123
59 93
44 56
127 117
120 125
106 123
97 18
75 77
12 61
64 122
102 127
23 38
34 46
98 100
62 74
70 33
45 45
63 76
17 111
104 92
46 8
81 34
52 53
107 11
125 99
52 54
109 23
118 47
47 51
22 114
86 9
83 123
103 45
48 51
30 31
21 124
81 107
7 21
98 26
89 17
81 86
64 6
73 96
75 100
16 94
109 115
106 124
107 124
7 46
71 102
87 122
105 55
62 78
73 97
96 58
70 107
19 41
121 16
90 92
20 41
38 49
10 14
100 26
48 69
6 81
54 102
71 71
56 58
102 20
78 11
115 126
37 75
103 106
52 33
103 15
91 101
21 62
80 40
87 21
108 121
94 115
32 45
94 67
12 80
56 6
125 71
43 112
111 118
46 72
83 117
23 32
123 83
12 46
56 4
96 101
72 97
124 63
88 117
58 60
87 94
24 6
57 116
120 43
75 100
60 85
19 45
35 81
58 69
86 92
23 56
121 10
70 120
89 74
44 66
66 95
85 62
101 61
34 98
36 53
54 75
112 34
118 45
82 40
33 67
12 48
36 68
25 65
71 92
17 22
104 49
99 22
44 97
68 84
37 99
57 64
56 125
97 114
10 13
9 97
42 94
83 91
114 45
83 15
80 126
62 102
33 123
119 8
67 123
33 49
43 90
21 89
127 127
107 109
83 8
27 42
85 106
112 112
78 90
46 89
55 11
4 11
50 102
113 34
17 34
102 26
19 76
76 95
9 95
30 68
70 28
41 118
117 26
75 84
81 93
115 119
111 30
3 43
56 79
114 26
23 51
15 46
98 47
14 107
27 114
108 8
9 9
37 46
32 52
28 56
7 16
61 109
97 14
68 100
78 78
40 47
118 17
13 17
13 14
79 104
81 71
71 108
115 8
11 26
15 53
4 15
81 7
127 5
20 33
63 90
3 105
80 102
50 66
127 8
94 14
34 102
42 35
26 44
6 40
80 104
93 110
126 52
107 44
41 79
107 107
93 40
125 30
62 67
106 28
123 24
120 53
50 53
2 29
102 67
46 82
12 87
68 7
28 67
71 114
88 79
5 25
86 125
34 56
112 38
86 96
52 10
41 42
46 16
99 115
21 67
116 43
58 95
98 122
56 89
6 44
21 38
115 48
46 69
110 6
9 36
12 34
8 62
4 25
124 63
102 3
17 30
100 51
31 95
100 121
21 21
35 36
58 46
109 9
54 85
30 71
62 72
52 94
107 4
122 71
66 33
78 94
93 94
36 52
18 69
13 66
73 53
39 50
25 91
22 89
51 70
104 29
57 61
123 44
23 28
125 46
52 25
104 24
84 47
108 12
63 66
65 91
50 92
107 110
42 106
55 28
88 122
70 111
28 88
101 18
100 46
118 57
43 95
43 64
74 28
124 44
69 75
59 63
29 29
60 3
54 108
70 112
75 126
17 105
44 88
102 42
90 7
62 106
19 54
81 93
71 10
29 76
72 102
14 34
17 36
81 100
59 50
46 69
123 4
65 13
13 20
68 74
114 78
61 10
47 14
56 122
14 25
52 74
45 25
79 40
109 24
2 24
47 69
122 77
3 81
5 54
37 41
77 13
114 43
115 125
97 45
33 117
124 62
74 77
4 87
29 40
74 77
4 10
74 87
17 100
30 75
107 120
18 50
48 63
23 52
108 52
71 84
19 11
68 88
27 71
28 4
104 5
27 67
55 63
91 117
14 64
6 15
89 119
16 40
88 38
32 53
47 114
39 69
125 9
27 109
77 108
105 3
104 39
108 88
45 79
115 24
115 124
86 93
14 18
66 114
50 77
9 41
116 87
57 66
31 101
23 66
62 78
37 76
69 20
89 47
110 39
115 123
61 37
28 28
110 4
77 24
28 6
23 2
104 39
68 87
67 8
116 46
68 114
14 109
114 34
66 8
114 126
79 82
9 95
75 98
90 120
71 71
95 29
80 10
32 1
100 2
36 81
59 60
28 55
18 7
7 23
18 20
20 15
36 23
38 113
125 103
96 10
68 68
20 86
65 93
3 6
79 87
73 89
68 49
90 37
55 101
97 123
91 57
88 4
114 9
57 76
4 67
36 62
40 54
12 69
37 13
99 19
90 117
115 83
24 26
101 36
44 127
85 105
68 88
121 49
38 56
87 112
126 27
113 114
30 38
96 105
53 74
116 77
12 92
84 9
112 66
30 59
2 44
38 53
52 76
48 124
72 96
6 32
111 116
87 116
66 3
11 96
66 90
122 56
114 41
74 19
33 37
108 39
85 118
15 94
103 38
9 63
58 82
34 34
46 88
17 110
42 75
77 77
26 34
42 63
51 27
53 82
23 105
95 21
105 4
67 69
23 59
5 12
89 105
13 41
17 72
59 120
12 74
110 27
122 126
33 58
27 56
87 4
124 16
74 82
2 46
70 1
111 125
104 4
58 118
54 84
30 111
51 67
109 6
5 60
64 8
95 7
53 14
5 93
23 72
93 11
15 63
115 11
46 83
5 30
96 17
63 63
97 104
86 55
54 124
75 99
38 123
118 73
85 106
31 92
6 8
29 6
101 52
124 44
13 50
96 53
44 89
52 102
74 95
100 127
12 28
117 59
53 112
25 117
24 102
33 43
3 24
22 24
62 120
74 107
107 49
27 61
58 59
34 57
127 42
4 28
126 25
81 99
109 28
87 33
126 67
65 53
27 38
124 125
32 62
59 7
114 38
38 44
107 21
99 3
44 9
48 125
111 116
79 18
48 21
35 37
76 7
127 46
69 109
76 118
89 12
120 9
26 87
42 106
71 79
55 69
73 3
86 121
50 109
127 80
30 68
36 56
80 1
91 11
49 60
73 115
54 99
54 99
2 25
101 20
38 67
107 39
122 3
80 45
40 43
97 126
19 36
91 104
65 109
79 39
21 65
48 51
110 113
30 58
71 84
69 121
25 96
77 77
70 82
22 96
80 80
13 118
43 60
115 27
22 60
25 33
90 3
17 37
125 54
127 63
33 40
115 122
70 6
55 84
92 96
45 83
123 97
76 5
54 105
112 30
13 21
91 13
81 5
32 70
80 100
43 72
39 124
64 125
106 110
71 5
36 46
8 59
4 44
11 52
44 124
100 8
94 44
21 34
119 8
29 110
103 6
64 119
80 112
10 125
115 77
40 8
108 57
59 97
108 65
4 71
107 18
93 27
78 50
25 127
38 51
80 89
125 10
42 43
31 69
95 102
77 7
5 35
92 9
19 62
103 17
8 24
92 100
15 64
44 88
60 21
43 71
8 43
116 125
93 34
124 124
4 7
87 103
95 33
9 21
86 66
59 89
1 62
119 59
57 59
73 111
78 67
14 81
14 11
3 54
116 125
104 20
15 24
89 105
25 41
37 125
94 108
26 45
119 18
98 31
37 24
36 46
112 10
26 35
20 27
5 11
43 69
78 28
24 37
36 40
77 90
104 7
119 97
123 6
13 54
34 116
101 96
11 21
29 39
73 38
19 81
51 60
73 6
39 76
78 101
43 54
16 59
27 53
103 15
35 110
9 15
75 24
23 25
37 62
45 82
18 68
100 124
31 41
124 34
38 78
59 116
17 96
83 4
27 41
38 63
72 20
34 34
65 86
57 124
53 77
110 41
19 123
97 11
124 15
81 113
66 73
7 29
36 116
32 46
28 38
107 22
47 20
40 47
75 23
63 119
114 55
80 115
34 41
11 16
97 49
4 85
71 103
27 1
32 6
71 25
126 70
24 111
106 28
9 15
24 67
47 58
60 106
18 20
46 56
124 4
51 16
86 94
7 83
115 81
44 68
94 100
27 52
100 3
121 82
89 13
95 102
1 58
12 111
49 89
47 52
61 5
62 2
99 125
94 108
118 51
72 81
28 89
99 10
125 50
71 89
96 117
117 43
108 26
38 47
112 51
34 53
72 14
92 117
101 124
8 9
69 79
10 33
48 48
65 120
122 4
123 5
85 90
23 86
4 14
3 113
72 100
9 21
44 5
6 61
40 68
15 53
90 91
26 79
25 110
127 15
51 113
125 104
40 103
121 116
19 33
105 1
74 62
7 8
31 60
126 50
29 42
112 2
61 61
101 118
73 97
110 2
39 101
61 79
61 81
103 117
97 17
67 107
94 118
2 2
18 53
25 28
105 106
39 76
50 120
127 86
57 93
119 84
44 117
83 42
98 46
16 28
67 1
121 117
49 77
106 107
63 93
29 86
104 41
64 99
35 80
58 94
71 127
57 112
126 18
89 94
39 94
24 78
8 45
74 21
127 117
22 26
127 13
71 51
33 64
84 9
105 52
13 24
127 42
73 75
120 127
29 123
40 4
124 72
49 97
66 80
40 73
56 125
104 46
84 29
97 17
58 9
63 65
94 21
120 94
62 1
112 120
37 106
29 99
58 93
67 93
61 70
102 75
91 105
89 89
32 38
115 121
123 123
54 1
13 64
65 97
2 32
110 45
110 16
72 120
38 43
93 48
27 32
40 117
107 2
127 58
28 77
91 110
3 106
4 22
105 117
85 15
103 127
111 89
87 120
8 44
98 119
87 90
111 74
16 114
20 21
116 45
2 27
34 56
10 41
79 121
118 65
36 78
37 38
68 86
100 101
7 49
25 52
125 56
98 35
99 35
80 40
124 23
101 59
41 13
41 49
34 61
13 61
123 44
77 18
90 84
12 40
35 44
94 121
23 80
103 111
32 97
55 124
2 3
126 61
14 32
127 95
19 37
65 10
127 52
23 109
117 120
126 43
100 75
14 56
52 52
32 71
105 16
97 26
34 125
127 91
96 70
35 10
66 104
53 57
117 9
72 93
76 116
103 117
12 50
21 90
89 38
3 4
43 60
53 47
103 127
20 28
15 39
43 58
41 98
51 126
75 105
79 127
21 60
85 111
6 12
105 7
106 12
95 45
109 6
126 126
24 32
84 85
120 19
44 76
35 48
5 39
34 66
19 30
88 126
22 31
79 55
95 48
13 19
25 37
41 97
96 9
24 27
71 83
11 75
9 73
111 52
26 33
77 102
102 45
31 113
80 124
8 29
8 18
61 6
78 106
6 99
8 30
30 71
99 125
30 61
21 86
32 67
36 101
74 99
107 78
43 8
12 116
89 119
93 45
16 29
3 21
17 37
63 84
45 1
112 40
58 107
100 57
92 103
9 58
9 81
100 16
22 66
85 122
10 17
94 21
6 80
7 22
98 121
19 71
108 5
49 80
90 115
87 116
118 23
27 43
126 60
109 121
61 23
66 4
34 113
23 82
65 106
90 17
11 46
35 36
96 105
122 40
98 120
82 107
68 96
93 29
59 78
10 62
47 58
98 6
64 105
88 29
35 70
23 40
109 113
98 61
37 32
82 121
43 105
126 126
28 46
106 107
93 23
127 7
33 98
35 94
26 28
93 93
50 87
21 109
22 102
58 64
117 35
124 6
72 17
37 39
124 25
35 82
110 34
28 100
89 89
76 91
21 24
22 38
72 112
3 36
29 99
105 125
22 108
31 89
79 11
72 72
115 32
85 108
76 102
36 1
44 51
31 42
1 16
52 26
119 26
22 66
115 12
121 31
123 52
112 28
79 114
93 50
55 119
88 125
10 66
49 123
55 3
109 43
36 4
90 33
76 47
49 102
93 13
43 67
32 86
46 52
74 119
21 60
69 112
30 109
55 70
71 94
89 124
39 13
122 5
61 95
127 51
91 116
105 8
122 6
15 21
124 103
65 72
78 42
77 107
48 53
106 106
30 39
34 48
37 43
30 76
63 8
49 101
111 63
50 33
28 87
99 6
61 97
76 18
109 1
108 63
23 25
45 82
60 84
45 67
27 44
7 37
126 39
114 54
13 7
59 68
7 13
58 69
32 46
69 92
58 59
66 26
112 43
108 49
47 90
108 27
43 64
31 67
112 3
80 61
98 114
32 69
41 4
99 15
109 122
83 27
100 80
98 43
81 50
63 45
126 27
121 80
42 43
57 62
9 69
29 68
3 44
14 82
67 76
88 127
102 120
92 31
67 105
94 104
20 119
17 63
115 69
23 84
68 85
18 72
5 82
18 97
83 102
109 125
59 38
89 66
108 114
73 73
1 3
80 96
15 106
113 51
96 97
92 98
86 25
20 94
48 71
44 48
44 66
124 73
60 102
54 71
55 102
41 91
80 24
70 111
101 112
15 116
18 92
23 59
31 72
50 126
103 30
95 22
32 75
95 15
71 16
57 28
85 10
111 11
86 88
78 87
114 121
107 28
80 21
70 78
90 90
9 12
104 114
60 35
13 22
106 89
55 94
109 120
105 116
5 45
120 66
36 74
16 50
76 109
30 82
72 109
96 122
69 102
48 65
104 126
94 106
9 25
127 4
82 108
46 56
39 80
86 38
114 114
77 113
54 96
37 96
40 82
110 44
41 43
61 15
114 64
17 19
103 61
46 73
109 126
93 19
51 56
72 81
26 60
65 86
122 103
127 61
62 115
68 73
100 23
21 98
31 109
123 4
65 97
5 21
56 95
59 120
23 36
127 51
71 15
115 4
85 127
78 110
49 126
56 62
117 23
58 79
64 73
18 5
93 109
62 118
50 96
7 76
104 30
123 42
115 31
52 53
66 80
91 35
43 61
119 2
67 37
122 84
124 14
94 1
66 79
82 124
88 98
40 125
54 70
57 95
53 4
69 71
15 51
117 18
15 17
81 11
5 114
38 16
69 83
32 116
42 87
32 64
44 108
69 25
102 21
114 81
96 18
57 68
28 30
86 37
53 120
76 25
45 52
77 112
125 40
68 12
94 1
104 13
13 82
38 52
10 50
114 6
95 21
36 78
78 104
57 73
58 10
95 68
7 88
7 9
53 56
78 60
34 5
125 75
117 3
4 5
117 95
53 83
119 59
19 65
34 5
62 62
94 108
117 55
33 85
123 26
97 120
85 2
41 54
21 94
41 7
68 125
92 18
33 33
116 52
122 65
95 5
18 59
52 3
24 59
90 11
22 123
20 67
114 50
121 19
100 21
107 71
70 90
20 4
15 37
112 24
60 117
24 42
102 103
99 106
62 79
51 112
97 49
28 10
81 88
7 14
27 8
121 54
16 74
122 38
23 75
17 114
82 124
59 104
45 69
125 88
117 125
114 25
92 93
48 89
80 122
97 125
126 33
70 12
119 126
103 33
15 40
6 47
45 72
123 54
67 121
125 70
10 30
62 65
27 125
42 48
109 23
105 112
35 69
50 69
114 15
73 73
12 95
28 90
37 62
30 14
48 118
11 37
52 39
110 91
11 46
108 84
72 109
12 62
107 40
100 106
39 53
56 46
65 121
26 126
57 123
113 40
12 80
101 126
125 49
34 3
111 127
47 58
3 15
76 94
124 67
113 125
36 26
20 27
18 97
105 109
113 123
125 72
62 90
64 93
112 44
49 57
56 110
46 63
88 54
23 93
91 35
88 95
59 121
20 47
9 18
38 7
58 87
38 85
106 119
3 48
44 122
35 44
54 60
51 117
14 83
123 54
11 27
55 67
55 107
26 60
54 82
92 24
66 107
114 117
30 45
43 77
42 92
80 123
30 33
69 21
17 76
104 106
40 101
7 71
100 43
30 56
30 103
64 68
33 34
33 125
6 88
10 33
96 99
123 34
71 85
6 62
83 9
41 106
79 82
104 118
39 61
52 58
49 5
53 108
77 6
25 79
102 6
21 77
94 115
85 97
10 75
70 113
111 38
57 87
105 109
83 108
106 56
108 3
61 79
79 99
122 41
19 94
41 63
49 67
43 79
35 110
20 29
88 10
82 91
74 75
60 18
94 39
112 24
34 79
55 69
106 43
77 124
40 75
18 29
100 14
50 57
123 1
55 62
63 95
100 33
16 21
95 23
47 105
98 121
87 25
59 22
117 125
53 110
25 4
109 115
15 101
119 68
91 50
100 53
115 18
80 15
95 53
63 75
75 75
96 119
15 53
69 50
49 57
16 18
14 49
7 32
76 57
71 74
8 41
92 84
49 63
83 93
27 55
31 31
23 109
77 18
4 6
88 18
38 52
62 99
104 121
102 25
3 9
65 87
67 9
7 42
103 22
62 33
123 87
28 53
7 28
102 6
21 50
23 50
71 53
119 124
78 112
4 57
46 58
12 39
95 95
50 67
112 28
115 14
58 117
126 98
51 103
92 99
114 117
44 117
65 106
87 88
38 48
9 26
29 56
106 99
95 112
83 96
96 124
93 108
18 36
101 14
58 27
48 123
17 76
62 79
126 38
51 23
7 11
85 21
58 42
99 127
86 94
71 78
113 67
5 8
41 68
101 25
118 53
83 86
3 3
55 75
33 65
39 26
31 17
70 115
77 103
61 101
76 117
65 82
122 3
26 30
15 68
58 97
28 28
85 35
71 105
71 81
88 97
115 25
71 76
59 124
48 5
1 80
16 74
61 49
82 109
9 80
36 69
36 123
105 115
27 1
59 77
14 17
56 18
22 89
13 70
70 75
7 97
84 107
125 125
33 38
118 65
54 101
19 121
8 82
8 92
93 110
30 36
86 126
95 31
35 43
25 51
94 102
90 24
120 36
52 10
6 97
35 88
78 36
88 105
127 16
53 86
109 24
24 25
97 10
10 25
110 63
73 43
60 103
88 66
39 104
91 10
119 58
97 99
107 12
72 77
119 50
123 8
4 70
119 20
72 117
127 7
44 63
109 4
119 59
3 12
58 127
52 78
42 72
89 97
98 8
84 15
8 100
14 56
18 46
115 32
10 86
69 119
72 33
68 4
72 125
36 66
22 44
98 11
42 51
88 106
59 6
54 82
25 37
57 112
39 93
103 124
108 3
70 116
120 34
32 71
63 113
88 127
79 12
13 17
116 56
70 92
115 50
69 100
46 59
38 101
73 85
7 92
36 44
17 20
19 32
11 2
10 33
116 125
108 25
2 34
23 114
40 73
107 43
65 109
70 92
3 48
33 73
16 71
93 107
35 59
119 49
104 8
90 116
50 101
17 56
54 112
108 114
88 23
80 120
101 52
37 42
28 38
85 85
8 64
40 53
8 19
44 70
10 37
94 114
56 111
112 115
116 36
94 113
19 49
29 71
12 62
86 93
18 93
80 96
63 86
125 9
5 18
20 75
72 98
79 114
24 48
57 113
84 88
26 121
108 66
19 89
79 20
115 68
27 30
8 18
109 35
61 71
111 30
104 66
122 18
118 126
98 8
90 11
67 102
84 97
26 56
101 116
37 126
59 45
100 24
88 116
22 60
76 91
86 112
53 112
77 104
79 81
89 118
6 82
76 90
86 118
18 85
42 60
27 45
114 26
113 119
67 14
38 106
15 26
19 53
63 15
89 101
58 67
23 30
121 62
117 25
62 6
127 19
5 17
106 117
74 28
42 46
101 123
96 30
96 101
72 125
29 99
10 55
64 54
115 33
2 59
71 93
104 59
2 98
24 86
71 109
30 84
77 78
76 18
22 53
79 43
123 2
105 51
27 92
89 3
106 26
9 86
57 73
71 1
67 69
32 104
36 47
96 12
25 96
113 115
63 108
52 96
74 79
103 127
43 51
79 42
16 83
51 32
38 42
83 1
54 78
35 80
72 72
112 113
11 83
104 59
35 55
83 95
18 49
3 86
86 94
86 41
29 44
3 47
59 90
37 83
122 54
29 84
75 126
89 17
121 6
47 99
48 75
94 22
33 56
36 51
3 84
120 33
36 59
92 115
67 125
121 32
110 7
23 72
80 23
35 81
49 92
19 34
71 101
54 123
75 105
77 78
102 106
77 98
73 110
44 119
23 34
22 24
89 63
53 86
48 115
59 37
55 55
46 64
42 118
49 99
105 110
79 27
21 123
118 42
79 125
51 10
96 10
41 48
26 108
60 95
9 104
64 78
11 28
81 121
118 29
42 65
109 40
69 95
110 72
116 77
74 105
5 95
24 70
54 108
50 42
124 34
109 14
123 33
73 83
37 65
117 25
91 105
39 88
72 48
10 92
71 107
80 112
20 40
45 77
119 42
22 39
41 105
72 22
68 39
100 123
111 3
108 8
76 92
63 83
35 71
105 111
41 79
46 103
123 18
3 45
20 29
28 29
69 124
58 11
35 44
123 31
58 114
27 121
119 89
64 111
104 23
58 94
19 111
121 32
49 64
4 49
82 121
58 121
81 109
50 77
29 36
105 11
66 9
10 38
76 88
124 80
104 49
59 77
124 65
102 112
43 104
72 27
98 47
5 17
10 45
23 40
103 8
102 121
106 83
35 82
55 59
15 16
50 95
86 4
60 13
85 39
29 88
13 52
35 126
19 44
1 34
12 84
58 66
95 99
60 15
18 19
87 110
35 35
82 95
24 54
97 69
106 27
96 50
80 22
116 41
30 47
124 83
69 110
78 118
38 46
101 81
25 46
99 14
38 76
27 49
31 44
23 54
98 123
21 23
36 49
4 89
79 109
19 73
83 27
123 25
55 17
101 107
108 109
106 31
84 94
18 97
41 93
28 53
64 105
78 9
73 60
56 61
118 4
44 62
120 24
97 122
83 117
107 35
114 39
6 48
55 61
31 34
78 6
81 19
90 102
111 49
52 119
58 98
14 16
99 119
41 73
74 98
17 42
83 18
18 56
59 81
68 3
66 90
30 93
124 52
16 62
94 119
58 50
86 117
24 89
102 114
54 12
125 52
41 52
65 123
17 83
106 122
34 36
61 15
19 84
100 103
99 58
80 98
100 66
80 127
96 6
122 24
80 67
77 100
39 63
4 51
58 122
46 96
120 29
115 20
62 108
60 12
31 93
78 96
86 116
35 56
122 124
26 45
80 82
60 72
30 46
10 30
19 87
55 21
45 56
72 14
107 55
32 72
79 24
106 29
88 90
91 12
2 53
90 49
9 85
65 15
67 105
47 77
83 40
116 98
41 106
74 106
57 8
91 21
46 6
18 85
54 108
50 17
13 64
73 77
49 11
93 106
57 96
60 124
72 77
13 49
116 7
40 124
76 109
116 19
25 27
10 12
75 77
5 87
38 71
13 48
103 71
80 89
46 111
88 13
67 123
87 113
125 47
77 87
119 10
70 102
66 116
9 31
73 87
48 60
33 48
116 124
4 43
76 87
1 4
4 46
69 102
12 78
121 4
3 3
6 44
36 61
55 6
57 63
3 55
59 61
15 3
108 63
79 83
40 72
30 68
4 36
48 77
16 32
107 14
91 37
116 98
48 103
28 69
113 34
40 45
73 117
112 124
60 85
18 82
93 4
28 58
49 21
47 76
36 80
66 92
122 10
52 65
68 89
60 15
50 15
111 125
104 18
71 79
122 10
39 56
71 87
21 66
94 95
57 67
70 119
53 71
21 94
28 79
9 116
124 71
2 34
46 65
94 117
48 84
21 38
12 101
28 47
59 68
56 74
81 8
95 16
62 121
39 95
85 110
85 53
8 67
49 81
97 65
73 125
15 76
85 41
110 125
6 25
109 51
12 20
89 46
93 21
64 29
26 26
5 37
45 5
63 73
86 112
125 37
99 20
104 64
26 95
62 110
27 35
4 50
54 46
48 3
78 107
94 112
108 67
10 54
61 3
30 61
50 58
43 72
66 85
87 96
117 4
116 79
69 93
20 3
75 79
73 76
54 103
13 88
115 51
32 85
12 17
126 84
70 7
120 23
121 23
36 89
68 10
118 28
95 123
7 12
40 67
38 73
20 40
76 4
28 28
30 100
16 19
41 107
122 37
20 65
34 93
14 94
68 68
5 47
33 78
61 119
58 69
119 120
39 46
74 86
23 70
58 68
59 97
18 35
106 108
13 44
24 72
24 40
72 108
79 25
30 53
103 15
100 26
56 2
74 111
22 75
2 41
10 61
30 30
90 63
10 45
35 38
50 125
93 97
44 82
17 66
24 41
32 87
36 84
117 74
95 116
127 72
101 47
5 70
5 34
96 105
110 47
95 46
85 11
126 37
79 114
30 108
16 21
89 14
27 63
111 126
76 119
61 68
52 84
2 72
109 13
47 65
31 67
8 14
77 96
9 85
30 57
81 6
11 22
12 107
9 32
93 32
54 70
7 47
117 14
60 8
106 30
110 21
13 34
108 24
86 98
40 48
109 99
18 19
25 46
74 54
95 23
81 27
80 88
36 41
24 25
86 33
53 60
24 38
38 34
122 22
7 45
63 72
109 34
98 101
127 40
93 5
114 61
11 95
123 20
126 126
35 3
104 37
100 44
63 71
53 72
119 119
84 123
106 16
27 67
86 110
20 74
30 48
21 104
56 5
91 104
74 80
64 75
4 24
83 126
93 3
84 106
32 82
14 42
97 104
10 49
57 61
94 23
110 67
21 82
30 40
83 3
58 110
26 38
107 126
99 32
97 81
125 28
23 32
123 23
110 7
8 32
116 11
13 38
25 72
113 125
76 97
42 79
5 25
11 18
45 56
67 76
44 56
94 2
60 103
54 75
86 97
41 99
127 9
68 11
63 70
105 90
15 17
122 37
118 9
113 88
61 86
11 9
87 111
46 110
106 28
114 26
80 9
61 120
67 120
78 101
30 40
97 126
106 33
74 117
21 116
22 33
83 109
16 30
63 123
90 119
5 26
31 104
40 66
110 27
75 125
43 75
16 101
6 54
123 126
45 31
72 117
55 15
66 35
45 64
43 100
86 118
47 110
76 104
125 100
74 10
57 80
125 53
110 94
2 14
44 80
68 1
78 117
115 93
123 52
92 107
69 101
110 37
117 25
43 75
76 88
4 68
56 80
60 105
100 104
41 47
74 13
82 31
70 94
82 23
25 30
97 40
62 96
66 115
118 28
8 12
81 17
73 100
61 103
31 60
33 33
92 67
127 7
116 51
82 31
78 65
111 117
74 35
81 93
44 63
105 28
83 111
108 3
4 10
29 45
105 7
124 25
118 41
37 59
63 14
111 20
23 87
9 43
110 2
75 99
91 57
4 20
5 7
122 97
120 19
34 108
80 120
45 93
7 39
122 12
23 35
30 49
90 62
123 125
82 118
97 15
86 112
41 84
91 107
62 23
34 64
6 16
52 54
127 13
11 102
113 9
107 43
76 11
94 112
70 42
17 34
115 17
124 17
73 98
17 38
41 99
71 113
122 24
20 125
71 86
4 95
5 20
43 55
75 93
7 65
3 74
110 25
95 113
74 74
77 81
32 76
30 105
108 28
38 39
54 73
55 2
107 34
118 18
96 40
102 67
57 72
56 10
61 110
45 58
117 39
67 2
10 22
123 46
94 94
13 23
58 76
106 108
123 13
115 117
22 55
58 91
14 45
77 90
16 38
106 5
13 101
20 75
73 80
22 58
127 12
4 8
56 85
92 97
51 67
24 63
23 82
117 34
38 86
14 56
68 113
74 126
89 14
101 37
89 56
59 77
18 21
110 16
1 35
42 68
25 102
114 28
122 33
102 126
92 2
112 57
15 79
91 30
40 60
41 80
4 89
48 58
112 112
43 84
55 69
81 13
2 51
62 7
116 33
52 73
3 22
2 16
22 59
112 65
27 111
53 85
27 63
10 77
37 11
73 18
73 106
92 100
25 45
83 7
39 84
10 22
57 22
64 21
82 9
114 54
18 30
11 23
111 116
76 119
19 25
31 95
60 110
70 121
24 77
11 98
42 65
22 81
117 41
112 13
106 33
72 83
31 47
2 77
78 3
89 103
65 88
15 40
47 84
35 37
22 55
78 2
100 111
80 107
1 35
125 5
39 48
93 101
72 109
59 99
52 74
26 56
29 40
47 67
65 68
71 109
1 49
123 33
23 55
86 117
57 15
61 84
119 25
32 67
81 124
90 23
83 91
30 121
96 100
5 5
105 122
102 123
70 102
26 103
90 14
22 68
54 77
91 58
98 122
45 5
124 86
24 39
64 76
114 5
104 56
80 115
120 48
94 15
51 3
92 61
126 15
56 104
14 14
26 54
32 21
116 65
27 40
63 64
105 114
43 90
77 28
53 106
3 38
4 92
33 34
113 17
95 117
62 62
116 73
34 23
60 43
19 105
91 37
15 46
53 3
119 14
120 127
18 63
20 45
27 70
120 35
71 104
10 48
60 21
112 76
40 95
69 126
19 98
23 72
51 98
79 20
73 119
44 12
26 39
50 110
96 19
23 64
5 79
121 51
90 99
30 54
26 46
91 121
65 89
88 57
20 34
27 44
40 48
5 54
8 46
66 119
53 99
43 107
125 36
107 9
29 72
127 113
4 23
70 82
23 54
27 34
40 86
74 107
68 78
90 35
4 43
31 109
125 18
56 99
41 17
39 54
75 83
55 57
124 49
46 78
105 75
13 65
11 53
55 107
94 33
79 34
120 12
95 114
75 110
112 114
60 42
90 65
53 57
81 107
111 55
16 45
64 17
113 5
127 34
97 17
67 28
18 61
89 4
53 73
101 58
12 24
101 22
65 111
117 46
23 91
60 78
78 38
116 10
93 103
37 104
61 110
65 37
109 67
21 79
48 49
70 115
123 71
25 93
8 72
63 15
47 64
42 92
14 63
8 9
78 13
26 26
59 71
106 24
32 109
103 109
5 90
61 82
17 101
67 82
66 39
124 55
118 14
110 25
94 56
31 71
61 78
69 39
37 101
96 117
4 49
33 47
62 10
76 127
107 68
102 125
83 83
112 61
71 98
6 27
123 13
109 113
94 18
6 71
69 21
28 92
123 92
110 18
38 6
11 50
108 110
35 115
32 32
18 78
6 18
2 100
85 102
104 16
27 95
125 44
3 76
63 64
65 88
87 98
120 27
46 58
81 116
99 48
58 65
31 85
5 56
86 66
55 110
37 38
59 32
112 9
35 61
85 50
117 3
92 123
116 19
30 77
99 117
113 29
67 124
21 79
100 101
96 96
60 27
33 58
126 61
25 27
21 41
81 33
30 32
102 39
123 77
53 89
126 12
118 24
47 66
6 77
53 76
103 54
84 35
24 41
12 23
123 3
115 54
113 60
106 106
62 37
89 4
8 25
51 14
46 94
34 114
11 51
114 115
79 127
19 48
4 107
74 28
35 35
113 11
4 39
39 107
103 20
107 80
105 53
50 112
48 30
120 30
123 11
104 34
60 37
22 43
111 33
116 35
74 119
31 101
17 23
56 123
73 84
66 101
80 119
9 87
57 67
82 17
12 56
94 108
71 119
80 87
89 91
58 72
122 20
71 71
58 112
100 118
13 71
80 118
15 16
119 75
76 88
109 111
90 30
93 107
17 38
124 31
125 2
25 121
47 49
94 41
79 122
92 127
59 119
7 57
108 125
73 89
55 62
25 84
7 12
71 102
100 15
44 67
82 101
53 126
65 105
120 53
61 80
109 18
46 85
82 99
70 86
31 72
21 58
90 6
51 22
56 90
97 120
57 20
112 8
69 86
49 84
10 34
94 43
2 7
12 94
74 78
67 88
61 54
11 74
127 27
124 69
64 20
50 86
108 15
3 86
78 116
11 51
102 119
46 41
61 3
44 76
77 6
108 85
63 121
110 106
37 54
87 57
34 40
11 116
93 10
6 45
7 15
34 37
119 19
54 88
11 71
57 91
19 35
34 87
97 122
84 84
97 29
46 84
124 80
96 119
9 53
6 49
16 62
83 92
5 70
62 66
111 44
25 58
90 106
26 43
123 51
90 39
24 91
17 123
56 118
118 53
14 22
78 124
86 90
106 118
25 58
72 10
45 51
81 112
110 91
32 77
61 32
20 28
123 72
56 115
108 56
43 58
120 54
99 12
67 6
25 43
88 14
70 102
64 106
99 54
80 25
29 110
5 27
13 40
110 120
69 4
117 8
126 13
89 112
123 71
20 51
79 50
45 4
32 55
94 30
17 29
107 80
122 78
54 102
5 53
102 119
7 35
8 34
76 88
66 8
3 110
118 42
4 61
72 111
15 62
1 91
5 24
50 12
1 70
57 99
28 60
71 93
63 46
123 126
62 62
77 14
62 90
84 60
78 5
61 37
5 28
21 57
17 17
59 73
69 54
111 37
50 74
117 1
112 42
49 105
78 86
1 34
72 109
79 35
5 22
73 9
66 19
90 30
85 116
69 69
28 49
42 47
18 90
83 2
123 2
126 70
123 18
82 82
105 124
45 51
80 99
82 11
44 14
36 62
115 69
104 50
35 112
16 99
60 101
48 56
37 87
117 50
59 88
109 115
29 38
124 113
123 16
37 78
68 47
41 47
81 121
8 87
121 2
77 26
27 6
8 35
62 98
117 122
13 63
52 52
88 31
34 77
85 64
118 88
69 73
109 37
91 36
97 102
61 31
5 41
51 76
95 104
97 5
79 84
118 126
100 25
96 18
34 49
71 77
36 2
40 65
59 41
40 8
18 36
82 98
81 8
127 68
97 115
101 119
48 20
125 6
113 127
52 81
120 52
92 118
112 116
125 6
48 66
18 39
104 124
54 110
92 34
56 60
50 62
15 116
120 1
100 35
40 102
38 43
28 44
103 105
79 118
97 35
66 14
49 64
42 52
13 49
17 24
75 96
83 103
57 107
65 113
94 6
112 72
121 32
70 111
19 39
108 13
119 74
104 65
30 126
84 109
36 27
38 41
21 82
61 66
54 58
23 56
73 108
67 96
13 46
16 23
40 46
81 113
61 5
70 118
27 84
86 24
123 32
79 116
73 85
39 69
123 124
45 117
48 81
46 60
3 39
28 81
113 126
86 115
25 48
29 53
46 54
69 109
85 12
67 67
92 118
2 28
21 26
45 114
48 83
47 58
122 77
38 68
38 96
24 64
53 116
49 65
7 7
56 64
66 72
123 20
22 49
108 17
19 52
80 40
80 18
79 83
101 9
119 20
118 122
71 102
114 15
3 90
67 116
8 53
41 63
79 122
88 107
33 67
64 119
7 101
101 92
64 118
50 65
108 32
20 43
43 44
8 52
35 37
37 88
111 96
64 5
49 68
32 39
118 81
23 87
37 60
119 54
32 40
72 1
102 27
45 56
79 127
36 39
91 101
2 63
80 51
55 85
25 52
25 114
85 89
43 60
74 88
24 32
126 8
6 18
18 69
114 92
2 7
126 95
6 52
103 125
106 52
58 75
23 41
83 30
38 79
46 75
40 66
75 36
30 46
59 94
70 123
58 82
41 75
77 114
85 12
117 55
13 20
52 58
8 87
26 84
25 119
48 92
59 96
53 80
90 15
99 102
41 98
71 79
11 79
122 60
74 92
27 67
79 124
118 43
125 47
109 1
16 37
105 51
44 82
23 28
19 99
94 98
127 11
36 99
33 82
124 7
6 39
21 52
53 78
65 118
63 73
58 12
14 24
79 76
37 126
75 39
81 4
104 50
44 112
73 107
8 104
19 91
57 91
27 31
89 3
2 82
120 121
54 20
28 62
51 99
6 16
50 54
63 73
69 113
34 58
122 91
42 53
123 51
9 40
15 61
123 23
82 14
54 68
21 59
28 47
125 41
102 19
120 27
72 88
103 22
29 53
96 24
1 15
101 50
114 15
54 77
72 89
120 26
110 15
33 79
95 15
62 18
116 21
24 34
98 106
122 57
41 44
41 91
6 97
102 73
87 25
124 2
91 115
23 25
108 37
75 82
66 119
58 63
4 54
6 14
76 108
75 85
124 25
74 14
73 108
70 122
60 14
29 76
5 61
41 62
82 105
90 124
15 18
125 88
14 93
72 73
20 79
53 112
110 41
63 103
83 87
40 10
30 45
82 87
24 66
57 70
115 30
111 41
9 102
53 65
112 18
68 70
23 50
106 112
44 84
60 87
59 12
118 120
15 48
74 81
127 41
34 91
80 101
79 112
119 105
92 116
87 31
12 31
40 42
64 90
17 70
59 121
72 24
127 37
64 12
81 90
86 119
113 35
10 40
59 87
90 94
93 16
103 42
77 95
119 57
12 91
101 34
81 10
26 58
41 60
55 66
74 89
2 16
98 24
65 120
7 67
104 124
43 50
27 46
45 16
11 36
32 39
24 123
121 1
49 58
111 14
38 39
97 125
49 65
56 110
4 59
8 27
37 113
74 38
32 46
14 14
44 61
13 13
89 35
97 113
78 84
43 83
43 103
5 92
9 111
29 81
73 75
12 120
120 126
69 94
9 39
35 92
8 27
71 106
34 53
62 103
15 66
33 106
56 57
58 92
55 63
49 101
117 17
123 10
97 26
95 121
49 103
94 38
49 78
89 109
65 118
11 16
30 46
122 75
114 31
31 37
100 102
55 126
20 25
108 85
34 84
118 21
122 99
29 39
88 121
80 98
77 88
110 55
3 123
31 81
104 36
71 102
122 43
68 105
51 74
97 18
47 115
82 85
29 106
64 81
41 99
27 123
122 76
125 62
108 84
119 29
79 96
43 66
109 4
78 24
93 19
100 22
23 96
82 89
85 72
28 105
71 47
29 32
120 27
118 12
64 67
126 111
50 59
8 48
7 51
102 122
72 1
117 37
36 78
121 30
43 66
124 46
5 54
96 85
62 83
83 16
14 15
33 72
1 13
3 57
109 41
17 34
49 2
71 74
109 3
94 10
29 39
61 62
40 61
36 114
6 72
83 87
24 53
7 24
127 62
48 30
2 48
88 12
3 24
56 125
27 34
18 32
48 106
70 77
6 24
27 36
79 107
121 92
33 55
19 101
10 26
125 35
109 45
34 66
66 114
86 94
62 112
1 46
58 62
104 30
107 115
32 68
29 8
58 4
67 46
45 4
71 125
50 78
121 8
29 15
11 96
33 69
78 97
38 5
82 118
96 61
22 74
87 54
27 59
53 100
4 120
17 25
27 31
85 26
111 68
91 44
4 49
102 24
88 10
45 79
99 79
117 37
43 44
63 64
117 20
27 101
60 108
66 125
123 75
94 99
36 116
60 65
5 14
95 40
111 2
69 28
112 119
114 125
37 83
10 30
45 109
85 112
42 47
72 90
52 106
54 69
7 75
72 91
115 66
26 65
73 115
1 11
56 73
70 87
83 30
19 70
98 108
34 1
70 88
43 74
118 36
73 30
70 96
118 19
43 121
45 96
16 21
73 75
39 8
56 82
39 39
48 63
120 26
28 51
120 66
41 63
101 123
35 82
115 22
84 97
31 125
122 20
118 40
90 4
118 8
11 26
110 35
93 26
56 109
62 112
116 10
116 123
15 26
115 23
113 97
97 18
40 1
86 29
92 119
49 105
57 77
43 20
6 66
101 19
126 67
51 71
28 19
90 34
1 23
90 49
8 77
110 38
85 114
90 121
17 31
10 38
9 68
118 42
39 57
106 109
55 65
50 6
11 35
55 79
56 96
22 92
114 15
40 43
1 12
109 119
43 82
116 24
102 19
45 67
58 17
77 28
18 55
40 43
121 17
10 26
124 48
46 81
70 90
90 101
100 64
38 112
39 69
92 1
50 69
118 7
100 54
124 49
99 122
62 122
110 11
4 13
115 78
37 68
49 64
40 58
58 92
6 60
54 73
97 73
59 104
3 22
116 18
38 111
46 115
62 71
27 10
33 123
91 118
116 3
47 2
72 121
35 86
71 73
95 109
12 28
31 35
75 98
31 53
27 29
35 7
5 36
46 53
105 65
75 78
117 10
66 95
118 121
25 80
81 124
76 114
86 7
13 40
27 94
112 126
73 88
83 89
32 54
84 33
82 4
9 94
22 42
48 51
118 74
68 18
64 39
33 69
6 78
53 66
60 30
20 84
6 84
120 33
32 113
63 80
40 48
109 13
125 28
65 79
25 50
127 16
123 76
86 72
96 109
85 94
40 44
1 44
1 56
40 48
47 66
26 46
74 2
68 30
104 33
33 36
86 5
121 54
85 5
22 64
120 10
125 35
88 47
119 51
49 55
60 41
2 35
102 26
6 35
114 21
63 65
40 101
35 55
90 103
50 18
36 123
101 2
50 109
16 18
28 46
2 15
87 125
38 64
31 87
11 67
109 68
70 5
37 37
120 123
84 109
6 64
17 21
105 16
81 84
83 98
119 53
120 84
70 6
9 80
15 36
28 55
36 2
57 28
93 103
121 121
101 54
22 47
121 121
102 86
94 114
68 108
78 85
5 61
12 29
110 29
17 41
86 98
43 102
36 51
36 78
66 127
31 84
86 96
54 106
118 10
29 34
17 67
91 2
60 100
25 59
124 106
26 35
123 127
94 109
17 36
90 98
31 62
124 87
44 23
84 95
23 25
99 3
39 95
18 61
13 118
53 67
6 103
2 29
65 85
63 122
109 51
42 9
32 89
51 37
107 19
77 93
26 56
103 26
52 21
117 12
18 33
78 78
93 121
124 34
24 108
79 27
63 109
14 21
29 30
32 107
43 18
75 93
84 2
38 107
58 126
81 117
121 124
78 113
60 122
109 109
55 95
87 89
20 48
88 97
119 28
84 124
85 42
126 82
85 118
112 126
52 83
11 102
3 30
40 100
31 61
13 83
23 29
109 6
95 97
71 118
90 90
64 110
77 91
92 30
4 24
120 19
104 7
32 47
21 9
123 43
11 40
57 91
55 85
98 52
102 36
65 42
117 18
62 94
96 96
76 79
12 121
74 94
42 75
70 92
99 114
87 118
119 17
28 62
113 122
66 76
71 103
83 14
61 67
13 95
29 91
64 66
6 27
58 96
70 105
105 21
59 97
74 22
13 18
81 36
19 109
52 86
28 86
87 6
61 113
108 42
84 85
74 17
98 34
20 70
80 100
34 95
33 58
104 118
84 1
31 45
120 125
122 1
2 108
32 10
98 99
73 40
59 100
31 77
69 89
24 79
64 17
4 18
78 124
94 5
5 15
1 38
65 123
119 119
66 110
3 53
87 123
35 46
82 19
25 43
10 10
5 65
88 125
120 75
75 87
125 74
92 101
31 57
47 73
85 29
94 99
24 46
114 26
99 19
98 124
57 62
118 62
58 26
115 56
75 23
90 115
60 121
26 13
100 81
55 84
75 53
61 31
35 51
86 102
91 101
110 20
11 95
9 24
58 6
61 88
1 72
33 123
11 36
68 19
38 72
30 34
38 74
34 96
45 47
90 46
125 34
39 39
110 14
77 24
51 121
80 61
112 21
127 82
59 122
79 120
121 60
71 127
80 28
26 33
3 69
123 60
48 102
12 44
119 58
78 40
71 78
102 67
39 52
13 113
66 91
95 95
66 32
43 56
101 7
127 2
6 115
38 15
60 93
84 117
59 3
77 106
75 120
19 46
12 47
90 98
55 101
72 75
14 55
9 17
52 71
6 14
79 82
26 28
127 12
119 123
29 106
91 119
114 86
100 40
73 104
30 66
101 44
127 7
87 102
45 76
48 69
24 69
69 102
65 125
79 67
19 88
4 78
37 44
90 18
92 44
1 75
94 105
12 124
41 127
75 97
125 62
30 65
31 107
58 47
115 125
57 58
122 26
18 91
104 22
90 113
61 112
89 54
8 34
110 75
26 94
23 40
86 92
89 102
41 6
46 75
106 82
118 10
31 95
80 92
121 26
66 106
108 15
32 52
110 72
105 113
115 22
20 112
75 113
11 93
106 79
72 91
92 93
17 61
42 52
4 38
112 113
29 119
91 100
94 26
88 21
9 12
27 38
118 78
95 119
73 74
42 50
123 40
100 6
1 1
117 25
51 83
53 52
94 62
79 13
41 45
84 110
110 111
95 36
99 24
35 111
73 118
84 47
82 1
48 81
98 69
36 2
107 31
73 15
38 23
71 89
65 71
97 105
45 45
110 11
70 18
29 71
126 52
53 22
50 64
63 67
114 81
94 9
88 88
23 32
124 10
93 59
59 79
43 52
31 126
57 71
110 66
26 77
126 66
1 72
39 110
121 4
62 125
31 84
103 68
99 62
121 31
62 62
49 82
13 14
41 81
8 77
23 41
67 88
75 2
122 122
91 23
114 122
23 94
78 126
63 104
94 51
11 37
116 60
106 113
89 67
74 115
33 44
122 5
18 47
39 113
12 94
57 7
106 9
8 116
68 65
48 112
113 17
39 68
70 86
83 16
4 8
118 126
126 43
60 70
118 56
7 15
56 126
5 44
56 60
12 68
42 23
50 76
49 53
121 70
33 71
10 48
74 77
26 37
104 50
31 35
82 99
79 87
23 41
76 9
70 120
61 88
123 85
115 5
113 32
84 107
29 86
97 30
92 95
31 68
70 125
44 28
97 115
113 59
66 127
101 33
65 81
120 40
1 10
35 46
114 96
106 79
82 43
87 14
28 93
1 59
100 12
49 1
24 26
67 1
60 16
123 3
41 47
109 63
116 23
108 48
42 87
81 101
41 15
83 28
51 107
40 60
10 12
80 9
75 8
72 101
96 36
43 83
17 23
107 1
5 71
74 106
98 105
87 24
30 34
30 51
63 89
108 109
75 121
16 3
35 121
117 46
100 113
8 19
52 91
79 20
94 73
50 62
11 25
118 51
75 127
64 95
78 80
12 84
68 116
44 74
111 58
94 121
5 13
24 43
19 32
44 71
58 103
49 112
11 66
126 13
102 39
82 35
106 66
49 66
27 101
22 76
24 75
42 66
109 77
55 67
107 61
49 60
59 104
96 122
59 95
59 70
43 80
75 34
44 49
94 9
45 64
35 10
59 72
106 60
30 51
67 20
100 125
125 33
79 109
50 82
116 121
13 38
108 28
79 28
2 57
37 102
12 79
17 77
30 95
97 13
4 10
68 87
69 72
10 92
44 76
16 54
126 40
125 49
113 92
66 95
44 46
119 42
18 32
108 6
79 120
83 89
21 66
11 38
76 89
36 73
40 124
28 3
108 45
25 52
22 31
81 88
124 94
89 96
37 100
112 30
50 106
37 83
105 111
53 87
16 54
32 60
47 78
24 25
14 79
117 50
20 67
88 99
82 40
47 98
45 55
94 99
69 127
21 91
106 120
103 13
73 98
50 110
74 85
76 91
96 3
75 77
24 30
40 69
45 88
32 115
50 58
108 96
77 5
119 23
109 111
62 115
94 9
76 98
99 106
31 16
43 60
29 31
47 47
41 78
59 16
43 58
66 71
26 60
63 116
127 9
111 124
104 24
35 18
30 42
114 74
59 74
16 93
16 42
10 83
124 86
46 113
80 117
1 33
100 23
127 30
9 21
17 25
43 45
2 6
92 110
59 68
58 69
95 101
70 99
127 89
58 67
28 44
32 33
125 64
14 38
104 104
4 115
27 49
79 10
73 127
22 23
60 4
126 42
18 61
100 1
17 41
46 53
52 115
20 32
123 53
63 63
50 61
46 93
111 96
22 68
110 22
15 24
16 111
9 31
77 6
118 49
55 85
115 122
47 91
105 33
103 111
79 123
14 34
10 62
48 4
32 50
52 96
107 18
49 52
114 114
36 69
32 2
65 89
82 85
111 1
117 118
82 125
99 6
18 45
51 100
7 17
54 63
73 119
82 50
90 118
38 16
97 102
28 36
42 64
9 50
99 121
113 23
65 105
127 65
61 98
88 13
81 111
63 56
2 42
12 32
85 106
59 69
112 17
102 19
119 65
95 35
126 65
88 29
3 4
29 82
120 33
73 93
51 94
91 10
99 26
74 89
43 104
57 92
93 95
34 1
80 41
26 56
77 100
5 14
52 76
44 71
36 110
124 1
121 35
82 97
98 126
61 78
71 24
28 115
107 24
39 106
43 84
127 11
9 63
28 81
54 127
21 28
114 120
14 19
54 66
29 40
99 34
33 48
107 32
124 118
59 43
116 20
52 81
9 39
67 82
70 19
2 9
81 64
41 75
120 124
24 87
118 56
114 117
60 71
118 7
67 6
45 103
77 49
48 60
116 46
21 34
117 122
79 123
115 26
64 67
46 75
64 35
99 109
67 79
33 83
10 38
29 90
78 111
32 110
77 117
124 55
95 49
102 108
107 1
100 112
105 27
27 113
42 4
107 24
58 88
50 63
117 53
93 60
93 15
112 122
27 76
31 81
123 25
70 42
117 5
100 30
69 88
30 14
82 105
93 117
48 75
65 110
127 11
31 4
42 87
97 107
78 121
9 75
75 67
79 35
106 122
15 30
82 21
15 88
122 75
74 3
1 28
15 36
88 40
90 115
15 8
12 125
64 31
106 4
18 77
82 73
125 94
26 34
5 105
66 83
8 60
75 40
115 125
41 42
95 101
81 87
123 39
14 81
40 7
86 8
112 3
22 89
127 44
61 105
44 59
120 42
21 35
99 29
60 62
56 114
109 116
112 59
99 33
14 125
83 110
29 66
36 75
126 40
12 71
116 26
54 63
32 118
75 86
112 1
117 14
33 44
55 70
41 75
101 105
97 3
112 39
38 84
25 54
111 122
8 90
2 63
13 110
109 6
119 4
70 97
18 124
25 34
2 39
76 60
123 59
21 31
67 88
61 62
12 30
43 93
61 28
76 56
20 126
70 16
7 30
44 45
103 45
113 26
89 41
107 18
88 32
14 71
69 93
117 34
6 51
9 18
88 6
113 43
116 18
39 47
94 38
99 51
35 50
35 48
32 65
13 92
108 16
52 55
12 37
26 75
107 1
4 60
52 55
30 98
55 98
110 51
20 121
86 25
92 123
35 89
89 92
26 57
36 51
80 81
112 86
8 25
100 10
119 26
14 51
57 76
111 125
50 50
48 12
35 68
2 109
48 17
106 117
111 117
84 120
48 79
80 99
125 31
69 85
88 102
34 68
126 71
121 30
117 15
46 127
14 64
94 2
123 87
17 86
71 35
1 54
99 126
104 118
9 38
4 80
40 60
4 46
127 82
63 122
46 89
13 107
66 6
45 65
114 50
22 95
33 81
18 89
6 23
9 73
63 69
115 118
69 98
26 52
121 52
20 83
96 10
97 124
57 59
88 108
12 16
116 75
45 52
81 122
30 57
53 78
91 55
115 118
89 126
24 58
13 41
78 83
108 72
108 63
63 126
32 118
32 35
78 80
88 67
46 17
16 19
18 18
26 101
26 62
127 39
72 95
57 68
9 40
13 86
113 9
63 86
117 15
1 58
50 125
8 39
85 120
74 23
68 123
108 69
77 4
60 109
10 24
125 72
21 40
86 4
16 43
34 54
71 1
12 93
68 113
65 27
90 53
47 56
117 62
100 108
9 31
97 25
54 63
51 89
78 93
85 12
47 10
74 104
55 86
118 10
30 94
114 29
7 9
116 106
35 1
100 1
93 38
57 120
121 84
52 78
51 111
20 25
13 18
38 48
77 15
33 54
42 58
19 32
84 114
120 27
108 121
12 46
33 78
36 68
58 62
74 105
57 80
12 16
79 13
94 110
38 60
123 11
27 98
101 14
125 13
126 17
68 14
37 95
27 37
86 121
48 64
4 56
100 108
53 95
103 109
101 62
65 111
9 34
118 17
21 75
122 27
62 109
83 7
85 123
78 114
108 9
73 121
107 67
8 70
67 87
101 127
42 82
88 92
69 33
50 64
73 106
77 83
5 24
9 82
97 51
18 43
51 55
39 116
54 20
113 52
73 82
3 80
75 117
77 97
32 71
61 106
57 96
1 120
35 47
32 115
127 94
56 98
54 63
66 80
78 80
106 12
87 18
125 2
84 29
113 32
68 115
38 90
106 6
48 48
64 74
54 59
30 102
125 104
95 115
55 76
125 14
118 123
123 15
91 107
55 66
40 103
11 71
8 47
17 76
36 46
22 36
52 119
73 121
52 75
103 115
9 67
28 46
49 96
90 11
122 70
51 94
73 19
59 75
126 39
102 71
107 37
72 123
78 119
83 102
94 66
101 22
94 55
45 79
27 106
88 97
51 105
83 122
78 31
107 49
14 92
105 63
40 63
14 29
104 6
79 84
55 88
124 36
73 3
2 12
38 116
24 24
40 43
90 22
80 101
63 1
16 96
49 52
72 84
13 25
13 16
44 57
73 106
23 56
79 15
103 13
89 94
119 46
75 112
39 66
70 13
57 21
100 102
59 72
47 50
76 125
79 53
125 50
127 31
86 29
103 9
81 7
107 27
11 20
19 23
101 115
59 31
107 67
18 63
110 31
44 27
50 57
125 25
67 97
95 118
80 82
14 108
1 83
125 35
81 109
126 20
127 5
112 64
115 28
118 86
23 73
33 47
61 6
20 63
42 91
111 124
62 110
49 73
23 73
106 112
27 57
68 87
106 48
73 97
36 87
2 16
124 4
52 101
19 84
51 13
23 74
117 46
107 16
90 119
85 15
82 83
22 31
38 67
45 127
126 74
70 36
62 111
52 123
84 105
98 45
2 5
59 59
12 85
85 3
66 25
95 57
112 72
83 50
13 33
64 107
31 49
126 42
115 127
8 107
90 29
113 41
2 9
57 77
36 97
87 116
115 26
67 30
12 32
119 83
37 105
78 6
98 3
119 10
73 14
112 120
21 46
35 78
24 32
61 63
58 77
22 107
47 13
24 91
94 126
25 88
71 123
115 118
51 82
40 61
95 122
92 120
111 48
97 71
4 10
28 83
20 24
16 83
64 74
44 95
54 65
35 51
93 122
97 31
110 15
2 49
82 123
104 104
62 68
83 42
32 82
11 49
110 87
33 69
68 12
52 127
108 125
34 47
81 92
61 75
91 64
46 68
56 19
48 78
65 98
110 47
67 88
101 123
2 36
35 9
47 55
102 6
119 15
7 45
126 91
87 91
2 3
72 122
106 89
98 36
111 121
2 63
116 18
112 57
25 48
47 49
88 126
41 55
62 91
75 20
42 54
58 76
20 39
8 112
15 19
97 116
26 54
50 76
71 125
83 36
60 89
116 4
97 113
44 127
66 90
78 125
97 110
97 30
68 25
46 97
30 55
107 107
110 32
29 90
56 92
93 29
5 80
79 111
77 63
95 41
96 115
46 95
60 63
21 49
63 101
15 33
86 11
45 112
4 9
30 60
12 105
99 109
11 2
54 107
126 96
120 24
35 92
32 109
77 47
38 45
14 82
47 99
22 70
112 7
33 71
46 80
53 76
29 49
75 127
65 68
44 71
75 76
27 71
66 26
50 4
89 14
99 110
58 62
121 77
122 2
106 15
46 57
29 89
61 23
59 74
125 68
107 13
88 92
52 78
111 4
80 1
4 8
70 123
64 86
50 112
83 112
47 92
91 102
98 34
87 20
112 25
62 4
119 48
92 48
9 50
35 45
28 34
29 109
109 12
3 65
85 117
10 27
89 43
61 89
5 53
105 39
72 112
111 31
90 29
115 56
96 30
78 113
99 48
63 111
104 45
37 65
116 62
22 36
58 74
89 102
25 71
109 28
64 104
101 106
81 109
73 50
37 62
58 109
68 41
90 118
89 5
20 39
80 102
64 64
6 41
25 89
1 60
59 20
97 20
114 49
69 90
101 25
9 61
19 89
114 27
80 90
96 109
120 41
90 101
32 50
38 63
36 43
2 68
67 22
88 12
14 20
68 78
16 89
103 29
69 79
26 38
73 43
81 84
37 40
116 11
19 96
12 34
49 57
88 55
78 9
81 114
87 26
53 67
52 87
1 52
68 68
64 69
55 87
117 49
32 39
17 115
57 110
77 13
61 122
55 67
112 1
28 83
19 28
11 69
121 71
110 46
22 27
76 115
84 6
1 71
14 53
3 5
93 28
33 88
53 74
124 40
126 17
5 38
95 17
21 100
34 112
117 126
25 29
109 24
5 81
64 1
117 4
112 10
5 86
21 82
7 11
86 97
90 57
46 81
12 77
126 31
119 20
31 64
5 105
54 93
121 15
55 67
85 1
66 71
17 31
29 113
120 22
54 84
121 25
49 84
36 40
28 1
23 65
119 32
7 87
80 96
55 122
103 73
90 116
82 10
84 13
79 2
72 75
126 30
67 17
121 125
62 67
44 103
90 91
26 12
44 65
98 42
62 65
50 57
38 43
24 66
84 38
76 39
33 80
45 95
102 62
73 108
8 49
40 60
127 70
103 4
111 77
92 41
20 64
14 15
113 30
41 101
73 117
83 86
123 57
93 13
111 1
67 85
125 98
79 4
28 73
19 46
107 49
112 23
39 44
116 43
74 54
81 18
55 82
73 78
51 96
19 126
57 18
78 22
34 11
6 107
118 122
100 117
99 119
13 90
33 41
6 46
105 106
81 92
49 88
105 6
52 67
4 57
46 79
7 20
50 127
3 118
43 58
79 80
85 35
20 104
99 118
98 99
72 114
87 52
42 115
4 5
107 50
54 47
45 102
81 120
44 55
127 53
81 37
41 61
98 2
4 38
127 20
1 65
80 12
99 127
33 47
44 57
97 116
6 22
69 105
71 79
110 57
44 66
76 122
59 87
24 80
101 84
106 117
86 113
104 111
2 14
87 22
80 111
63 24
52 55
109 30
59 92
72 75
8 91
15 28
121 22
2 7
16 35
82 105
53 9
9 73
125 41
79 30
33 119
93 110
29 116
2 18
32 45
103 22
46 111
42 113
28 78
34 17
11 64
6 11
10 80
103 117
37 40
99 118
101 109
68 50
9 13
85 70
104 109
8 22
84 53
89 125
71 94
16 33
37 44
62 8
52 109
49 125
52 98
70 2
39 23
69 103
99 107
11 32
56 31
114 44
123 84
108 23
22 66
12 62
114 8
107 6
71 3
46 81
46 56
90 28
60 107
50 56
60 101
35 107
71 84
109 110
41 63
110 25
28 120
5 37
29 72
57 124
5 54
96 4
44 68
127 20
125 20
95 17
107 24
83 83
48 122
7 11
77 107
32 48
124 37
53 115
24 39
70 100
113 98
15 64
97 126
112 15
27 89
94 120
118 46
29 60
17 42
106 30
41 54
66 69
29 50
72 115
60 12
29 31
29 53
112 41
24 29
5 82
13 40
13 76
16 27
33 111
13 25
1 65
70 3
97 61
21 76
64 87
17 94
31 86
107 12
77 19
18 29
17 114
22 28
53 89
38 85
41 90
47 5
14 118
4 17
100 121
79 8
76 11
92 111
17 120
77 100
111 33
113 121
100 39
107 124
80 126
87 116
51 122
29 122
43 121
16 45
29 36
60 67
38 46
23 53
63 85
62 71
86 118
82 120
7 76
