70 2485
qdzbqpwnxabmnbsazdnbkntbxbgouiqbeouhhebhhsgbkzyimovxqbbaeqyvkaluhgdfmb
qaqatkyekeqquzscswbnovkodfawflibrvmihdnboiymlcvmipsbfwjekfiztnnnvqzhwd
uneeghgswprxkfbppcgxtqwqigkietojathjebxgihadpffxtknroksjcmmvkrkvxanlir
qvpbswwhpcwzqxiltnzxuhbitddvxxrmavqtpfbgbkaxfczseekomaicxalyqeendokjxs
qvywpyrmwpaiddayozvlmkfsznywlrxhzcpkvhopexbwkmupxtxcqcnitsfmjeitiwjvuj
gvwelpikvnqojtdqxphmhmyogsibqvlcjysybnznkyaphlwmrzvuiykxovpdhpwjgxpybe
akmmywfirznpvlyyabdiblyaooieyrtzmmxivvlteplvzysqlkuexkeljfammtzerfrnzi
ymcjvffatslovnutxdzdzuddsgrmbbsyurhbzfvquqfkigidwvapoqpincbtsfefwsvdst
adkzclobvrnrtfvfnnohwgnnmrbhvsjoaizvlbnlfqokorcnzgymmdscgmshhcrpbzwswi
zniirbebautwwbaroljaffqflotxkeodxjemuvlfjffyckptsyffanmnxmkqqsfixjjchk
zlvzqjdkundpkjgnmfvmllrrilqucxxhmhgnsryzidmevzunqrruiclxapyofcgnhehtle
abgrrxokpzblxeurclbskpoygiverrmtbxslgejptxighnqxslabyfcldoarnmwrxadpha
epvxgkpmuohclunevxehtiqtqshmaykiswlmhtaraxwfjyzqlagurhwufdgwoktpcyffkz
rbqfotkfkufcqscpgkvsvtscearxalqejjotlzlqdnkloaysuoyckkwuqfmmtwohhjzsub
ocmoolekdatelkeraycgvdxhdldxtzpgyvggbitupjodaospjruyzxvzdjxmsfxathzlcf
rcbfnhodfmypfsfdmlbmqrykkpacgtydaixwlwtfztuqcxojizuuekcmnaesaxqebbjyex
molboynsyfnwkidlmytqvgyzlcyloidslueoyyxxtctshxvhwavnzlnbcxilunwdjknehu
ngjqzurkhmkkbsghmbsuignrokojwjmuvfyuzjukablgtaoltitmfndsmumjppjtvgqrxn
axheidbbyetgsittakjaeikfaopspdzxpckqrsqfuievweirkfihwchjjuqajdyxciirqy
ohqhcuykweweknbwybetyaepaejcocoxjzvaqcltgabizhkbbkagqzqyirjlbthyaztcwd
zodpjrzdpaiqqztonrgucvhwpiktcuvblqmwdciphdczaeaiffpyeifnvnjnpfufqmkdsi
dwixmxjutklcemqepvprctfmstpoqtrfwttlccxldvzclnklnhoebqtbdhtmampmgrtmbc
hksfkalymwyfcjjakiuidwwpxzlzzuwjbsrxhthmicdrxrjczknwopfqktbncyinzskbzq
oxgtftsdpckvvufkdskgpadbodkfrsnynfubjlbwrulnnjycrbqybqupulrqxiwdhbhwsx
hcavqaiiwzrdazmyzgdbcfwxsvhzwofqaopdlftvjsbnbcbrkuqubmdxcuailmeidgmmmf
pcruzdqsjeqckkzltppdhqrlvjwmgjlveyyuwtokfgyhqwwfmjehcqbbtvocpwuptvukdk
idshkcfbyhzjrrfbikxoduxagkupxerrchqpayeilwtihlxhxnioptvtxxjpwwzmjasuwn
ugocypjailmcidlofjxgybjvwaznfzpvhfkqhzrvoajucyjxogesfgdhaoyvtwudhypejh
pmcyopzynxgxjnnhmuhzygjfxfikzqzxrlyjjyejqrdsqdkneogiotmtejxtshjefjewyp
fdnkxqrlqstkyxoeqqoouxkpgkzflscltygtcvbsovljrhevtlttuyxchiccooisdamyrm
olikmzcqqsupbwlakozngqgklttenjsyperdiafdczcjakjmzresnbmhyuklewqmjxbttu
kyuozrakgbxhzlfbikxmhfenstzacywrfxvtbofrhytaqqcwqcibsekjnfqjoglkznvkrl
bhxdvondrvhetitttccrxqqbpmxougobmclrvimfflhqqtfjmnhtnhewbqjxgqcrpbphsv
ohoxqvjylxmqxqvvddonlfcduikuyyaqqethbociebkgntrpitsposlyjnpjkmrtzbaphk
oiuednfnjrgqgzgxlolmerlsbqwnlusbdnmgyqyzylifqxpuzmbebbxmifhwhbmrzevhak
ugpilrhrwwxdxctrzfmirrjidassadltnipdzjabyvtvfcvgithbtbwpgrwosgcadfalhm
okwfihpjzdcpigjhtincmthlwoohafsjgqtvlxhpqoogyxuxltpbtwfjaltgjimneelmqd
hproubxpmiggtilxvzcsaqhgnyxozjjbcrkudprzubcsgozorrmjckmkwnmrddrzvreomc
sghuecrczhsorskfudggcrsjoaqvhfnnqcnvpbzsoxfwusvjiglqrkxgbdhqcwqtggzvmu
gykgvzjvcyvjsfpnhjnzwqimwafztefxamwinhgwqpnyvhwkearqmakqlbgswmrnwencil
hdmucsdkspfjtlztmnhlendtncqregvfmqwtodtgoboalowqbrruflhhqzyrfyejghirmq
ibmhczhhbowntfgbwlcdmxstrbiokedqrfpcssewuqrjmvsfqfbtzszriuayodligygpuc
osiqsvzhoecnzyrgvpmmudowqglrtrlxmihrfevgujkscykhtfueqwbrgzmpzgmkycrvsi
kstqxmfmokclirjdzavswicfxerdcblfzfcrykwmencnrrboaamfyudbelnilywyfraljh
rjbvfzqdkzbdmkgazjyzliciedphrnxjjqgwzbxirfovctgccsfigziloylffhjiclvtnl
ahwwjauyaofvthjmegawuhynawxkaqoqtnmlcfgkkaackrqloevhxrfziheyrnfiwzpjss
buuuosbnqdoakzutudzeuzvmihglwcyxirqwpgqzgzqujsjctlkkszjjltxkrnjfrtwoin
nskzjultlglxzkrgdrspqztdexwxilritjuklsmthbalhhoxkzogmuggrbktfkkqbhalxc
wczdkehwzjnnsxqqelgymquftgmvmyuinorivxzuaqdhchvmmtpegzponskvctnonoatgs
dgytlcdmzuhtfoydwswlosdivoshqofxqgnhofcfyusgeowscefsyhjhvdnmeuqazlzvmf
mcxdrkohwqtvlacotgvwopqqnsabjyrylyygfrnwczbzswmfrxbpfhnoooegicffjgrtbr
vqgixwskmlgrwhbzbgywnrydzhmkltxhyjfwdurjdjyhyrnadggojotoxvcmgqrjkqlxux
bhvkznbcrmrklywimilwpqtwejrtqanaciwagwphodoaulbdnseiixeudrcwmlckqzmsxs
xyknerbbpqmqyioukwpveihwknqddnrtwhptjaqeiyzrzvygggtmpyotxpekrkhxjcbsly
lieemrtijbjyftnuburuzczmavkvewjmrjalhrtklyohdbshqeponqmrjzjzhnwwtmuctm
ogkwzhcdjuvsvodfrbublarirrhdcxluepqqvnpvfxgijekyxmtqkmuiosqnchepcfwoci
jiavthynzwaiaeqcumcwtmuxwkdbbdcqmtydrhboxqgxbmxkefcjmqqdtwssbeijbruxms
xwgnlywvkaclwyedbqrapbnpkkbfbrkhuumijroqmqtjosvwrhunudisdqvxmdcbqleuls
dzgrpfqzczxyhywfynvcwodnvxayqfpoflvsqyukxziwctugqbtvtktisfrpzrtokjhfqj
rkokwmdgbribrruzbzomjdsbnkkdaqscgujnflpntlfisdsdrevktmqwllljukfqclbpkn
qrphqcymcmmlpygdszfzunijygfabhtfmbwbjgotmazwxpbttzjhamkiyazyqhvabxdpoi
eyivjpoxnozyhbleusboqhvsrzorhslukmcbdncwnvlxpqopsugugsffxyiyljtgtkraze
puudxahtqqfscpxiwxnckzkisjrajmthfkdpkhwoqoqjuznzbntxuogibgldkufdzuhwci
aorfxeblkvbyvsbsbtoxafpxfoyhbyhuuhsglskgdpodkyamonootovzxfjoqkarlguwam
aobphmfyrjmjhxfsijjcxzdznpenlosxhyobpsfsmrgqpkaoovnpnnwbpnhnjxsppsiehj
bmhxdekjnhqmzogzjllzzoyemohkjhfveueachnmdsuwqlckmoqvmclhnketdasucfsiwn
knvsxtxddruvbtynoehjemvqjkcofkensuepcfnvmzjkoxdqbtiluapsbfrzoihtpranee
xtzxpdggwkrecjbpbikhtismsvcfxubsmekfrumhjeiskctvikhjekvxfacafeltzpkxqo
whacmbdwotccihjdciaiixtxxiauyximnkpjigqeutnhswvmncmrwkpitlhsmhizduyfzl
ewqtqcvechayhyypranhflpulhqkkcvzevjxvnldrbazgznjfeaalitqznwffbfampakhb
45 63
37 67
11 64
21 48
8 21
19 27
33 44
34 37
29 53
7 34
39 69
47 50
36 45
41 49
44 69
39 51
19 31
54 62
18 59
48 66
12 69
37 61
49 67
14 23
17 68
28 68
57 59
16 31
22 66
60 61
29 54
2 2
43 55
10 42
7 33
62 70
5 33
38 50
4 30
31 62
37 63
29 66
49 61
13 61
54 63
12 35
16 37
34 46
55 69
33 53
48 53
3 65
60 69
57 64
9 12
46 68
8 70
15 27
20 60
4 32
3 25
24 46
37 60
47 66
18 21
1 6
2 63
6 38
19 25
47 56
16 68
46 46
64 70
36 52
31 48
7 69
18 56
4 47
10 56
66 66
13 14
35 57
22 41
24 55
7 26
11 40
56 68
38 45
9 29
33 60
4 28
39 45
5 22
10 14
11 63
23 27
14 51
16 66
14 42
15 70
21 40
31 34
1 64
54 61
33 65
60 64
51 63
10 60
24 59
21 36
10 64
14 53
10 65
35 54
57 62
20 70
12 37
26 55
18 49
5 5
55 63
7 15
8 66
25 37
30 64
48 55
10 49
6 15
50 50
36 56
8 68
15 55
36 64
39 52
25 27
7 70
9 14
9 42
1 22
10 28
50 53
16 48
61 61
33 51
26 30
20 59
13 70
63 63
3 36
21 33
28 41
16 39
39 55
22 63
25 45
3 15
28 28
4 18
4 29
39 57
19 39
38 58
6 65
9 59
53 53
17 18
1 40
48 51
70 70
1 37
2 13
5 32
27 63
6 39
41 66
24 70
7 65
62 66
45 51
9 39
47 57
27 36
30 69
17 57
53 56
12 44
26 62
41 50
10 45
17 42
4 42
17 23
8 52
23 58
1 57
35 67
30 35
41 67
50 64
42 67
17 37
27 64
32 69
1 12
43 65
24 54
31 33
25 43
1 11
65 67
9 43
26 34
3 62
42 44
6 33
43 64
21 45
12 55
27 30
20 63
66 70
34 63
32 46
38 53
4 4
2 70
22 50
23 38
5 41
52 52
36 48
33 41
35 65
12 58
20 49
28 47
40 69
10 63
13 29
5 25
56 58
13 18
20 27
40 65
18 68
64 68
27 40
1 10
1 33
46 47
2 65
27 47
9 19
24 49
2 21
6 63
65 68
26 60
2 33
14 32
7 16
10 69
5 24
2 30
38 70
23 25
38 40
24 39
18 47
21 68
33 48
7 58
2 42
6 44
56 69
6 53
21 41
33 35
51 70
12 33
13 16
11 19
45 50
8 55
10 39
16 60
19 56
7 40
24 52
56 62
23 67
28 67
16 44
5 28
8 23
35 64
6 12
62 64
51 56
5 42
35 58
65 66
37 58
48 64
37 45
32 41
8 22
55 61
24 31
12 32
18 29
13 62
39 43
59 69
35 51
38 51
8 16
59 68
18 19
35 47
13 48
18 22
1 31
3 48
44 60
23 35
22 43
46 50
49 55
14 31
23 44
18 36
22 58
26 57
5 14
3 70
28 65
66 67
33 47
26 66
4 62
65 70
2 5
9 32
14 67
5 31
30 44
26 44
29 44
15 66
3 55
61 66
23 33
33 42
68 68
11 17
52 67
21 54
47 58
26 49
49 52
4 24
26 45
30 70
15 54
22 60
50 57
17 26
63 67
29 30
42 64
5 58
61 62
1 53
24 44
12 64
30 51
45 65
5 46
25 25
11 54
41 57
53 60
13 60
29 50
12 68
24 42
10 18
20 66
3 14
12 42
7 32
29 40
3 4
15 43
46 60
4 51
55 64
41 43
25 55
1 23
10 10
17 48
22 64
16 26
3 34
17 66
14 15
37 37
8 32
33 52
43 53
13 19
13 41
14 59
20 39
10 48
16 23
23 48
44 51
1 52
58 67
2 62
33 64
43 46
47 59
17 25
17 19
1 30
1 55
43 44
11 55
57 65
19 64
38 67
5 45
49 69
22 31
14 61
60 66
9 56
25 38
2 34
17 58
1 61
26 42
33 43
25 62
34 47
19 48
20 25
6 59
4 34
44 53
20 62
5 26
19 41
24 40
25 47
15 15
9 52
51 66
41 70
4 11
19 45
26 28
2 12
33 38
29 61
25 70
62 68
16 70
2 25
42 68
61 70
5 49
4 37
13 22
19 53
12 59
12 40
21 44
34 59
28 43
50 62
15 41
2 57
18 62
25 65
29 47
2 14
9 57
4 27
69 69
45 49
40 56
23 63
16 35
20 36
20 64
32 40
1 36
19 33
28 37
13 50
10 70
20 65
38 57
14 16
10 19
14 62
24 41
29 37
55 56
33 33
16 56
12 20
54 60
32 60
6 36
4 26
28 29
39 47
6 32
32 70
47 48
8 48
27 65
67 70
35 50
47 55
51 62
10 68
19 37
12 52
1 56
56 61
3 8
2 35
7 44
43 59
22 59
22 23
43 61
39 64
42 46
16 59
7 23
27 43
52 69
59 59
20 28
10 26
33 69
24 35
17 52
32 57
19 58
4 64
22 44
6 13
14 66
2 18
29 62
34 48
3 52
64 69
30 33
3 43
4 22
38 49
22 37
21 47
20 21
46 54
10 46
3 22
22 24
30 32
11 11
28 32
31 50
49 63
12 63
35 35
40 43
23 52
31 32
42 50
56 67
9 15
38 69
30 39
1 19
42 62
40 42
45 64
23 70
42 52
2 61
5 13
50 56
9 13
14 70
20 43
55 58
24 65
29 67
9 21
19 51
4 8
24 69
17 30
1 25
13 44
58 59
4 49
31 68
30 67
25 29
30 48
12 31
46 49
1 65
11 33
9 36
8 26
10 52
1 41
10 57
14 35
38 39
54 66
25 48
16 53
46 51
19 66
35 37
2 26
41 55
19 68
27 68
48 54
26 29
31 65
14 65
8 50
27 69
52 60
4 14
44 68
14 41
37 42
4 58
25 69
9 44
37 46
32 59
8 30
36 43
20 41
63 68
2 4
23 47
48 63
10 37
7 56
57 66
34 41
24 26
11 13
27 38
16 52
15 35
37 64
6 45
19 19
25 58
12 70
13 33
21 23
44 45
12 38
23 40
1 3
25 36
34 51
18 43
32 56
6 49
50 61
13 39
1 48
17 35
28 60
30 57
15 57
49 60
16 40
4 55
28 31
23 32
26 70
49 49
13 54
60 63
48 56
33 36
27 28
28 59
9 67
44 49
24 64
19 21
30 56
21 64
32 50
30 65
10 59
30 58
2 47
44 50
27 42
10 66
11 38
15 65
17 61
11 25
35 46
27 59
1 70
4 15
2 8
17 64
5 37
56 57
34 44
3 7
46 58
7 29
48 49
24 63
17 50
24 29
24 61
5 48
45 56
33 59
37 53
3 67
63 69
8 54
5 50
33 62
16 63
2 50
1 29
22 53
2 46
41 45
63 65
17 38
57 61
52 56
47 64
54 67
26 38
15 62
53 54
5 23
40 57
36 41
29 60
63 66
28 51
35 40
63 70
13 43
62 67
43 49
25 57
35 62
14 21
14 27
11 24
19 28
16 33
44 55
17 32
18 63
12 16
23 43
20 38
25 41
28 40
36 63
64 67
15 40
14 40
22 32
30 31
13 36
14 50
6 25
46 65
2 53
49 65
48 60
19 52
11 32
25 46
9 60
8 17
30 41
15 45
43 54
5 68
26 48
23 69
42 42
11 35
32 63
15 16
59 64
26 64
26 32
51 51
7 14
39 39
29 35
5 69
61 63
16 41
19 63
8 10
1 24
16 30
37 49
2 69
3 28
6 37
33 46
18 65
25 31
46 56
29 68
35 42
15 44
32 66
49 53
27 58
9 62
32 51
54 70
7 12
20 40
12 26
21 46
7 51
4 54
18 30
12 57
11 37
3 49
4 61
4 50
11 52
19 59
35 44
45 61
21 57
3 66
33 58
3 45
28 44
13 23
50 65
18 35
3 10
16 17
6 43
41 53
55 70
5 17
48 48
17 51
39 56
17 49
15 47
30 66
46 63
54 69
47 62
28 55
9 50
54 54
17 56
51 54
1 5
8 63
36 49
44 52
18 33
2 55
19 30
25 63
9 40
29 45
45 69
3 33
54 68
4 48
23 39
3 46
12 65
5 12
39 44
16 16
5 40
14 37
7 9
15 36
38 52
20 37
59 67
30 62
28 63
2 40
15 69
27 49
8 37
22 62
55 62
60 60
5 34
36 40
24 25
5 29
5 64
30 59
39 63
31 57
18 18
23 57
3 51
32 43
8 36
6 68
4 36
1 34
28 34
44 58
69 70
7 60
1 68
37 47
52 59
23 56
37 38
36 39
26 33
39 46
35 45
43 67
38 56
55 55
30 68
8 65
17 29
13 57
56 63
3 61
3 50
23 34
7 47
14 18
31 52
27 60
29 46
3 64
1 28
6 64
16 21
1 50
11 61
14 49
28 50
52 62
53 69
37 68
5 56
57 57
23 50
19 20
10 24
52 65
6 42
28 46
21 28
41 59
3 3
8 64
11 22
18 69
31 45
6 14
50 66
6 11
25 26
6 19
54 56
48 52
12 60
28 33
12 41
18 60
15 39
7 10
18 70
22 22
20 35
21 55
45 70
5 10
18 57
15 63
56 64
20 53
29 64
27 46
27 50
3 17
42 51
48 62
25 66
49 58
23 51
36 65
41 52
41 41
20 68
30 53
9 47
28 57
60 65
25 44
23 37
22 57
46 69
15 23
40 53
9 9
4 40
12 48
29 48
9 20
31 70
8 9
1 32
57 70
17 60
5 27
25 30
47 65
8 38
20 56
32 58
15 25
3 19
37 39
29 63
21 38
46 55
17 33
50 70
39 54
61 67
47 54
39 60
40 50
48 59
2 24
11 56
61 64
40 59
5 57
41 47
7 61
7 11
20 61
38 38
24 36
1 7
3 68
1 54
44 66
31 66
16 58
12 46
9 24
43 48
7 13
40 40
18 27
6 9
35 66
7 46
11 68
45 52
2 64
15 18
4 31
36 60
10 67
43 51
34 65
2 43
7 37
35 41
53 66
7 67
11 41
50 52
2 20
21 67
20 29
54 65
42 59
17 36
53 57
24 58
14 24
35 39
34 62
25 59
17 59
8 53
31 61
22 56
9 49
5 20
26 50
13 52
6 69
5 6
38 61
45 46
53 68
4 10
33 57
31 37
7 8
6 70
39 42
2 19
7 18
19 60
14 14
45 53
30 45
42 54
61 69
51 58
25 28
7 21
50 68
17 39
27 35
43 68
45 55
10 44
23 26
4 56
9 23
38 62
6 16
13 49
42 55
28 52
5 52
15 32
17 45
23 59
10 33
38 68
40 67
5 7
7 55
5 61
58 61
4 52
3 27
29 58
38 41
24 48
34 61
8 46
41 65
23 53
38 46
29 52
21 22
17 21
18 20
6 52
21 61
12 17
26 40
45 54
9 63
26 41
26 37
51 65
18 32
10 17
30 61
9 27
5 15
23 66
25 67
15 52
29 29
32 61
19 32
14 68
31 58
64 64
9 64
49 50
3 21
3 44
17 22
11 12
4 57
27 44
4 46
29 43
18 44
1 43
26 56
13 32
47 61
15 19
23 28
30 37
4 6
17 28
12 49
20 23
39 65
19 36
45 66
17 24
5 55
55 66
13 47
19 47
18 42
6 56
10 31
9 10
39 49
21 27
5 62
51 68
10 21
31 55
2 58
9 17
4 53
37 66
42 63
17 34
6 58
34 38
31 43
24 66
24 30
5 36
44 70
8 40
18 64
16 34
1 17
24 45
8 28
34 53
20 33
25 34
15 68
15 49
2 51
59 63
20 34
15 51
22 39
18 26
48 58
20 22
1 67
20 69
30 46
5 66
29 36
18 23
15 33
12 15
9 18
30 49
19 61
12 36
28 64
28 58
53 61
52 66
38 47
39 68
45 48
36 36
40 48
56 60
31 51
44 63
4 68
4 67
27 33
26 52
58 58
12 47
8 27
29 70
19 70
24 50
15 67
36 47
32 49
11 53
37 62
27 41
52 70
60 62
7 54
6 24
59 66
29 57
1 16
19 46
8 33
18 50
53 67
28 54
28 66
11 29
16 51
27 57
47 52
5 8
3 42
42 48
37 40
8 42
16 22
48 65
27 51
6 46
34 67
16 46
9 35
9 54
14 22
28 70
2 52
26 35
9 34
38 59
34 34
8 45
40 66
14 43
31 69
5 54
1 59
34 39
2 54
21 26
26 26
38 64
22 40
23 46
35 38
8 12
25 32
19 35
29 42
22 48
23 36
24 32
43 63
16 54
52 53
20 50
13 53
21 34
9 69
40 55
19 43
25 40
52 68
20 31
10 51
26 31
40 54
9 33
22 47
2 48
29 41
31 41
13 38
32 35
8 29
6 61
2 41
54 58
25 42
10 55
18 54
17 17
7 66
16 45
22 34
7 53
8 62
10 20
46 62
33 40
28 49
1 1
11 27
15 64
51 52
15 61
3 57
17 55
12 12
3 6
15 24
26 39
20 58
5 44
13 15
11 47
17 44
4 33
13 63
17 40
36 53
22 67
8 18
16 62
24 28
37 52
62 69
9 66
31 56
3 40
18 40
27 31
7 35
47 67
10 29
28 61
4 44
6 50
47 68
35 60
5 19
14 19
24 47
51 53
34 57
39 62
27 34
6 66
21 69
1 47
5 67
29 55
17 65
14 52
61 65
54 55
5 11
9 65
24 27
11 58
20 55
33 34
44 44
17 70
53 65
14 17
3 18
10 41
26 51
4 7
4 9
7 45
62 65
3 31
45 68
22 38
10 35
17 46
52 58
26 59
28 48
9 68
6 31
41 56
46 57
34 55
35 70
13 26
9 22
38 65
2 37
31 42
62 63
34 70
7 25
24 34
15 48
33 67
30 30
25 39
6 21
10 62
25 51
30 34
37 55
10 27
7 28
15 21
9 25
11 26
25 60
18 39
13 64
25 56
29 49
41 62
18 48
37 54
44 64
6 20
23 30
50 63
11 44
29 34
11 43
11 67
28 56
49 66
2 56
49 57
46 52
19 50
34 45
42 69
17 69
6 41
46 70
2 29
48 61
31 59
1 46
27 56
31 36
20 48
37 65
2 17
5 16
12 67
24 68
36 58
36 46
17 27
40 70
40 63
16 24
41 54
41 61
11 70
1 9
15 53
8 11
13 31
13 45
12 39
14 46
18 67
53 63
55 68
10 54
51 57
7 48
22 30
9 45
34 56
4 69
36 69
4 19
8 51
9 58
22 33
55 57
4 41
13 42
13 28
19 24
4 17
11 39
32 65
21 49
28 39
29 39
3 38
21 32
20 30
32 42
20 52
37 50
19 23
21 65
4 13
29 65
6 51
31 39
8 13
22 52
21 30
9 53
22 49
9 26
8 31
5 47
51 60
9 48
48 68
35 69
15 29
8 60
21 35
26 27
21 51
33 63
19 57
4 60
41 63
13 34
26 43
22 61
13 51
14 20
40 68
16 64
3 9
32 64
10 40
27 48
15 22
16 28
24 37
41 68
8 58
15 56
16 19
6 6
29 31
60 70
7 68
25 64
28 35
3 60
40 62
66 69
13 17
20 46
15 20
39 50
50 51
14 58
2 15
5 9
55 59
11 34
31 40
45 62
37 57
3 69
1 63
21 42
13 46
4 65
47 70
1 2
5 53
26 58
7 30
22 42
31 44
63 64
20 57
33 54
47 60
9 11
47 53
43 70
20 32
31 64
2 27
20 44
31 31
38 48
19 42
30 38
26 63
29 51
22 65
2 68
3 59
67 67
33 66
54 59
21 62
39 40
16 38
5 63
4 43
1 42
53 62
20 20
3 23
13 37
1 58
22 46
4 63
17 43
5 18
35 68
40 49
41 69
45 45
24 24
3 53
59 60
18 34
23 42
6 48
10 22
12 34
21 66
9 41
42 66
22 55
18 24
36 57
54 57
68 70
50 58
65 69
26 69
59 62
36 54
36 37
51 69
6 28
32 55
33 45
36 67
23 23
32 67
13 68
44 62
12 22
18 31
34 50
12 23
10 13
22 68
5 39
37 59
7 39
4 39
25 50
4 66
9 70
6 8
13 35
46 53
1 8
13 27
11 69
7 31
11 21
39 48
12 28
16 47
9 55
23 31
53 70
24 53
2 66
33 39
4 59
43 43
43 69
14 45
7 57
12 25
26 36
47 63
42 60
1 4
27 53
5 70
37 43
6 67
40 44
4 23
16 20
8 69
39 58
15 37
13 59
11 16
2 39
65 65
23 61
42 70
9 61
39 70
16 61
12 61
12 30
30 63
24 60
55 60
32 36
58 66
10 38
27 29
24 43
46 67
38 54
12 13
20 47
14 30
30 47
14 63
15 38
19 54
39 41
6 35
14 25
3 26
11 31
21 31
3 39
35 56
22 69
3 35
20 26
1 62
6 54
32 62
29 33
44 48
21 50
3 29
11 57
37 70
41 44
18 45
7 24
36 51
56 70
7 7
32 32
22 51
29 32
6 22
15 28
20 42
23 68
32 47
40 64
48 70
3 5
22 36
1 49
19 40
25 33
21 29
11 66
49 54
24 57
50 67
27 67
18 52
4 38
18 37
56 65
48 69
5 60
11 49
14 47
14 60
21 63
12 54
33 55
11 46
36 55
4 45
26 46
7 22
16 27
5 59
32 44
22 25
21 25
56 56
3 11
33 70
2 49
30 54
25 53
35 43
28 42
1 39
2 11
43 58
21 56
16 65
26 68
21 58
19 49
4 35
57 60
45 47
56 59
13 20
28 36
58 62
19 29
1 20
1 44
1 27
42 56
1 45
20 54
8 56
2 9
23 55
51 64
6 62
50 55
49 70
30 36
23 60
33 61
57 63
1 66
26 61
42 47
7 50
40 58
13 25
10 25
6 10
46 48
10 34
16 42
32 52
14 33
5 43
42 45
9 37
8 34
34 43
15 30
20 67
38 66
2 38
26 53
21 60
49 51
11 42
7 38
18 66
23 62
11 20
10 30
35 36
40 51
34 40
52 55
44 67
51 59
27 55
9 51
6 29
50 59
2 32
10 16
10 50
45 67
57 67
16 67
23 24
52 61
46 61
53 58
50 69
4 12
64 66
13 65
42 49
58 68
53 64
7 20
27 54
31 38
10 43
5 30
28 69
32 45
3 37
12 14
42 43
45 59
21 21
32 38
18 41
34 42
40 41
3 32
18 58
32 68
30 50
28 45
41 60
27 39
2 16
35 55
11 60
2 6
12 51
3 41
61 68
10 58
10 36
23 54
17 53
64 65
16 49
5 51
16 50
8 44
19 26
38 60
1 69
12 45
14 54
19 38
4 20
15 31
19 22
21 53
8 67
30 42
38 44
23 29
1 14
26 47
13 58
19 55
46 59
41 51
11 48
28 30
26 67
52 64
8 35
15 46
38 63
27 52
47 47
43 57
1 18
39 61
22 26
23 41
12 66
45 58
16 32
27 27
35 59
23 49
34 54
47 49
31 46
39 59
8 57
13 67
7 42
30 43
16 69
11 62
15 59
32 34
59 65
28 62
45 60
8 24
14 56
18 28
37 56
41 42
9 16
14 44
42 53
44 47
1 21
14 36
38 55
18 38
23 64
2 36
46 66
8 41
43 45
20 51
33 50
2 67
12 19
18 61
34 64
40 46
30 55
35 52
6 60
19 69
13 21
6 40
42 57
27 61
12 43
23 65
58 60
3 12
2 60
47 51
12 53
29 59
2 7
8 39
56 66
9 38
43 62
16 57
7 43
13 40
6 47
3 56
41 58
6 7
2 22
34 35
24 51
45 57
35 61
3 13
16 25
10 32
36 42
25 68
24 38
2 31
19 62
6 23
10 61
13 13
43 50
55 65
4 16
7 64
4 21
21 52
14 64
44 61
23 45
33 56
19 65
36 61
15 58
51 55
31 35
2 59
59 61
12 27
35 63
18 53
31 53
29 69
19 67
33 68
11 30
10 53
2 10
58 63
3 54
7 52
36 44
37 51
34 68
7 36
36 38
14 28
8 15
21 37
7 19
25 52
25 49
34 66
1 51
32 33
11 65
2 28
7 62
3 24
17 63
7 17
11 59
7 59
12 29
55 67
22 35
15 26
19 44
38 42
27 62
11 15
4 25
22 45
40 60
34 36
25 35
22 70
57 58
57 68
39 53
43 56
17 54
3 16
1 15
7 63
36 68
4 5
12 24
11 50
22 54
6 17
36 62
24 56
3 47
52 57
7 41
16 18
37 48
22 28
40 47
20 24
18 51
18 55
46 64
62 62
14 26
1 13
50 54
8 25
39 67
35 49
31 54
31 67
11 14
25 54
5 38
28 38
67 68
2 3
17 20
6 27
10 23
24 33
39 66
42 61
59 70
32 39
44 59
52 63
17 41
30 40
8 20
53 59
18 46
1 26
12 50
16 55
32 53
5 21
13 56
40 45
14 29
34 69
22 27
18 25
42 58
15 60
49 62
11 28
16 36
58 69
29 56
31 63
12 62
8 19
43 52
15 42
2 23
12 21
11 45
44 54
1 38
13 30
6 18
13 24
52 54
8 14
44 65
8 49
14 57
31 60
30 52
42 65
28 53
34 52
51 67
4 70
48 57
57 69
58 70
3 30
3 58
1 35
44 46
27 70
41 48
67 69
40 52
24 67
25 61
58 65
60 68
12 18
14 69
10 15
34 49
30 60
13 55
40 61
8 61
27 45
17 47
51 61
60 67
32 54
50 60
35 53
21 24
12 56
17 62
13 69
5 35
21 39
9 28
27 32
7 27
13 66
11 51
3 20
36 50
19 34
32 37
44 56
20 45
9 31
7 49
8 8
36 59
66 68
38 43
14 48
6 30
6 34
41 64
34 58
11 18
15 50
58 64
8 59
2 45
10 12
48 67
8 43
36 70
14 39
49 56
68 69
34 60
43 66
10 11
43 47
1 60
17 67
14 38
53 55
24 62
6 57
44 57
31 47
41 46
49 59
14 34
33 49
32 48
10 47
6 55
37 69
27 37
15 17
49 68
49 64
35 48
14 55
47 69
2 44
37 44
16 43
16 29
29 38
11 23
26 54
27 66
43 60
11 36
37 41
21 70
21 59
17 31
21 43
36 66
3 63
15 34
48 50
31 49
26 65
22 29
33 37
9 30
5 65
54 64
6 26
9 46
8 47
