80 3240
dozmdxdwghpqevcikxczgylwklmsznbfiztxrmqmnqluxlqghlynzenmkyqhme
mjescrwizjenamvrunnpmhkgxncurzquqcdmzojtubhhzsnlouirpnmcrxmyre
nppcgdpsromivocyefbqvzsujryrtsvawtpgwqdkcrettamcnobbalaafcvnqr
rpmqodtegzchgwdqnwguofrrohzhbwouzlgapmdtzyncchonduqvjhxtuarsqp
gemdqyiqtjbjzehqusfvpiluhyqbteohoddfeoglvqadcfgydgcdmifqomtjay
gnhbbesieabxxewhsctjascasmeykmkoxelixkhbtmiztxmazspsefmnkwuaho
cfpxkiodkwoyuktcxausrxipgbsxeltwwwwigggiwsqacstxldvbrmirrasclj
kchdbnntbctizkzitwarteplwqoecjbnkcbkmurmolouckpmpvteietzvnmoov
kchdbnntbctizkzitwarteplwqoecjbnkcbkmurmolouckpmpvteietzvnmoov
dozmdxdwghpqevcikxczgylwklmsznbfiztxrmqmnqluxlqghlynzenmkyqhme
cfpxkiodkwoyuktcxausrxipgbsxeltwwwwigggiwsqacstxldvbrmirrasclj
gnhbbesieabxxewhsctjascasmeykmkoxelixkhbtmiztxmazspsefmnkwuaho
mjescrwizjenamvrunnpmhkgxncurzquqcdmzojtubhhzsnlouirpnmcrxmyre
rpmqodtegzchgwdqnwguofrrohzhbwouzlgapmdtzyncchonduqvjhxtuarsqp
nppcgdpsromivocyefbqvzsujryrtsvawtpgwqdkcrettamcnobbalaafcvnqr
gemdqyiqtjbjzehqusfvpiluhyqbteohoddfeoglvqadcfgydgcdmifqomtjay
dozmdxdwghpqevcikxczgylwklmsznbfiztxrmqmnqluxlqghlynzenmkyqhme
rpmqodtegzchgwdqnwguofrrohzhbwouzlgapmdtzyncchonduqvjhxtuarsqp
gnhbbesieabxxewhsctjascasmeykmkoxelixkhbtmiztxmazspsefmnkwuaho
mjescrwizjenamvrunnpmhkgxncurzquqcdmzojtubhhzsnlouirpnmcrxmyre
nppcgdpsromivocyefbqvzsujryrtsvawtpgwqdkcrettamcnobbalaafcvnqr
gemdqyiqtjbjzehqusfvpiluhyqbteohoddfeoglvqadcfgydgcdmifqomtjay
kchdbnntbctizkzitwarteplwqoecjbnkcbkmurmolouckpmpvteietzvnmoov
cfpxkiodkwoyuktcxausrxipgbsxeltwwwwigggiwsqacstxldvbrmirrasclj
cfpxkiodkwoyuktcxausrxipgbsxeltwwwwigggiwsqacstxldvbrmirrasclj
nppcgdpsromivocyefbqvzsujryrtsvawtpgwqdkcrettamcnobbalaafcvnqr
dozmdxdwghpqevcikxczgylwklmsznbfiztxrmqmnqluxlqghlynzenmkyqhme
mjescrwizjenamvrunnpmhkgxncurzquqcdmzojtubhhzsnlouirpnmcrxmyre
gemdqyiqtjbjzehqusfvpiluhyqbteohoddfeoglvqadcfgydgcdmifqomtjay
gnhbbesieabxxewhsctjascasmeykmkoxelixkhbtmiztxmazspsefmnkwuaho
rpmqodtegzchgwdqnwguofrrohzhbwouzlgapmdtzyncchonduqvjhxtuarsqp
kchdbnntbctizkzitwarteplwqoecjbnkcbkmurmolouckpmpvteietzvnmoov
gemdqyiqtjbjzehqusfvpiluhyqbteohoddfeoglvqadcfgydgcdmifqomtjay
mjescrwizjenamvrunnpmhkgxncurzquqcdmzojtubhhzsnlouirpnmcrxmyre
kchdbnntbctizkzitwarteplwqoecjbnkcbkmurmolouckpmpvteietzvnmoov
gnhbbesieabxxewhsctjascasmeykmkoxelixkhbtmiztxmazspsefmnkwuaho
cfpxkiodkwoyuktcxausrxipgbsxeltwwwwigggiwsqacstxldvbrmirrasclj
rpmqodtegzchgwdqnwguofrrohzhbwouzlgapmdtzyncchonduqvjhxtuarsqp
nppcgdpsromivocyefbqvzsujryrtsvawtpgwqdkcrettamcnobbalaafcvnqr
dozmdxdwghpqevcikxczgylwklmsznbfiztxrmqmnqluxlqghlynzenmkyqhme
kchdbnntbctizkzitwarteplwqoecjbnkcbkmurmolouckpmpvteietzvnmoov
dozmdxdwghpqevcikxczgylwklmsznbfiztxrmqmnqluxlqghlynzenmkyqhme
gnhbbesieabxxewhsctjascasmeykmkoxelixkhbtmiztxmazspsefmnkwuaho
gemdqyiqtjbjzehqusfvpiluhyqbteohoddfeoglvqadcfgydgcdmifqomtjay
mjescrwizjenamvrunnpmhkgxncurzquqcdmzojtubhhzsnlouirpnmcrxmyre
rpmqodtegzchgwdqnwguofrrohzhbwouzlgapmdtzyncchonduqvjhxtuarsqp
cfpxkiodkwoyuktcxausrxipgbsxeltwwwwigggiwsqacstxldvbrmirrasclj
nppcgdpsromivocyefbqvzsujryrtsvawtpgwqdkcrettamcnobbalaafcvnqr
gemdqyiqtjbjzehqusfvpiluhyqbteohoddfeoglvqadcfgydgcdmifqomtjay
cfpxkiodkwoyuktcxausrxipgbsxeltwwwwigggiwsqacstxldvbrmirrasclj
nppcgdpsromivocyefbqvzsujryrtsvawtpgwqdkcrettamcnobbalaafcvnqr
kchdbnntbctizkzitwarteplwqoecjbnkcbkmurmolouckpmpvteietzvnmoov
mjescrwizjenamvrunnpmhkgxncurzquqcdmzojtubhhzsnlouirpnmcrxmyre
gnhbbesieabxxewhsctjascasmeykmkoxelixkhbtmiztxmazspsefmnkwuaho
rpmqodtegzchgwdqnwguofrrohzhbwouzlgapmdtzyncchonduqvjhxtuarsqp
dozmdxdwghpqevcikxczgylwklmsznbfiztxrmqmnqluxlqghlynzenmkyqhme
rpmqodtegzchgwdqnwguofrrohzhbwouzlgapmdtzyncchonduqvjhxtuarsqp
gemdqyiqtjbjzehqusfvpiluhyqbteohoddfeoglvqadcfgydgcdmifqomtjay
dozmdxdwghpqevcikxczgylwklmsznbfiztxrmqmnqluxlqghlynzenmkyqhme
gnhbbesieabxxewhsctjascasmeykmkoxelixkhbtmiztxmazspsefmnkwuaho
cfpxkiodkwoyuktcxausrxipgbsxeltwwwwigggiwsqacstxldvbrmirrasclj
nppcgdpsromivocyefbqvzsujryrtsvawtpgwqdkcrettamcnobbalaafcvnqr
mjescrwizjenamvrunnpmhkgxncurzquqcdmzojtubhhzsnlouirpnmcrxmyre
kchdbnntbctizkzitwarteplwqoecjbnkcbkmurmolouckpmpvteietzvnmoov
rpmqodtegzchgwdqnwguofrrohzhbwouzlgapmdtzyncchonduqvjhxtuarsqp
mjescrwizjenamvrunnpmhkgxncurzquqcdmzojtubhhzsnlouirpnmcrxmyre
kchdbnntbctizkzitwarteplwqoecjbnkcbkmurmolouckpmpvteietzvnmoov
gemdqyiqtjbjzehqusfvpiluhyqbteohoddfeoglvqadcfgydgcdmifqomtjay
dozmdxdwghpqevcikxczgylwklmsznbfiztxrmqmnqluxlqghlynzenmkyqhme
nppcgdpsromivocyefbqvzsujryrtsvawtpgwqdkcrettamcnobbalaafcvnqr
gnhbbesieabxxewhsctjascasmeykmkoxelixkhbtmiztxmazspsefmnkwuaho
cfpxkiodkwoyuktcxausrxipgbsxeltwwwwigggiwsqacstxldvbrmirrasclj
dozmdxdwghpqevcikxczgylwklmsznbfiztxrmqmnqluxlqghlynzenmkyqhme
gemdqyiqtjbjzehqusfvpiluhyqbteohoddfeoglvqadcfgydgcdmifqomtjay
gnhbbesieabxxewhsctjascasmeykmkoxelixkhbtmiztxmazspsefmnkwuaho
cfpxkiodkwoyuktcxausrxipgbsxeltwwwwigggiwsqacstxldvbrmirrasclj
mjescrwizjenamvrunnpmhkgxncurzquqcdmzojtubhhzsnlouirpnmcrxmyre
kchdbnntbctizkzitwarteplwqoecjbnkcbkmurmolouckpmpvteietzvnmoov
nppcgdpsromivocyefbqvzsujryrtsvawtpgwqdkcrettamcnobbalaafcvnqr
rpmqodtegzchgwdqnwguofrrohzhbwouzlgapmdtzyncchonduqvjhxtuarsqp
35 56
41 77
4 4
7 11
55 64
35 68
28 41
19 66
52 78
28 52
45 58
37 74
3 27
19 40
8 15
11 13
38 72
50 66
44 67
6 52
10 41
9 49
34 41
33 58
61 79
68 77
52 61
50 65
10 69
58 62
57 62
40 70
48 56
33 64
24 70
53 80
17 70
52 66
7 62
17 35
30 49
22 46
15 44
22 31
41 70
9 51
22 58
15 49
20 74
56 68
11 31
25 65
1 67
38 52
3 52
25 60
6 44
18 57
11 65
13 80
43 74
64 72
4 73
53 70
16 57
27 58
27 60
17 68
35 69
22 43
4 48
14 20
24 74
5 27
36 51
60 80
5 55
12 19
10 44
50 62
36 39
14 39
8 63
57 80
6 73
2 20
39 45
72 80
41 54
7 10
25 31
35 66
11 63
33 65
32 58
25 55
9 52
7 38
11 20
12 46
10 17
58 58
36 53
33 35
79 79
16 33
26 58
51 75
15 39
2 49
22 71
18 22
57 67
29 38
10 52
57 61
50 71
25 50
37 66
15 53
6 69
13 40
48 70
1 77
17 18
4 54
50 51
10 31
1 32
67 70
1 42
37 57
10 13
9 24
56 79
12 34
7 50
27 43
47 71
26 42
31 40
35 74
12 13
47 64
24 59
27 77
4 79
43 55
28 48
28 33
16 43
15 17
46 52
32 78
43 62
10 55
15 66
70 73
33 80
66 68
5 75
44 72
2 22
3 39
44 54
49 80
22 30
8 52
5 8
18 33
9 59
47 60
33 39
45 72
33 37
30 70
15 22
16 38
20 41
23 56
5 63
30 77
1 30
60 77
4 64
29 51
34 46
15 20
27 59
3 62
2 39
31 78
33 36
33 59
15 60
26 30
46 64
33 69
19 44
30 40
54 61
25 73
48 66
2 40
58 59
31 54
31 53
53 76
47 75
53 66
44 77
29 35
69 73
35 43
71 71
15 41
15 72
28 75
7 49
30 79
25 53
58 70
5 66
1 65
19 31
27 55
18 28
32 32
28 66
80 80
32 76
66 78
18 52
62 72
5 28
11 23
49 51
29 33
31 44
31 61
23 28
15 63
23 41
4 42
49 79
4 25
22 51
17 44
24 78
31 77
17 32
17 49
49 76
36 67
59 59
19 22
30 78
15 55
72 78
6 54
64 65
9 56
12 24
8 49
58 78
34 47
20 61
1 2
12 25
44 65
12 78
15 47
1 66
47 63
40 59
23 29
21 70
36 42
4 62
28 38
36 50
51 64
18 62
55 61
24 37
19 35
30 68
52 64
59 78
10 57
23 75
40 65
3 25
53 71
29 62
12 73
9 11
11 54
29 52
2 71
41 56
6 24
46 58
17 77
2 37
41 63
25 79
77 78
26 78
12 50
42 67
7 44
54 62
43 72
22 37
55 58
17 26
12 58
5 46
8 64
41 58
10 29
39 47
60 74
35 58
24 31
4 74
31 36
26 54
54 65
31 42
28 56
52 73
41 68
2 67
17 79
39 77
10 71
10 35
1 22
40 56
1 68
30 33
24 71
32 46
38 55
48 63
17 71
36 44
11 58
21 61
62 66
40 71
27 68
29 30
16 44
48 78
14 48
5 80
35 37
72 76
13 59
28 32
3 13
29 47
49 74
25 63
19 55
17 29
60 67
32 33
15 58
40 40
55 63
39 74
49 78
11 67
62 62
53 56
9 35
39 55
8 74
2 15
14 75
41 69
35 45
28 39
14 43
20 66
18 50
8 77
10 19
47 78
51 67
24 35
3 18
54 59
46 59
1 37
5 15
52 71
50 78
40 51
53 67
41 44
40 58
70 70
10 33
34 43
14 29
5 30
37 62
30 53
2 6
35 35
57 70
5 79
44 51
30 71
68 72
9 47
3 38
55 77
3 46
54 72
17 34
4 35
16 34
20 33
70 78
58 66
22 47
6 80
15 48
28 44
11 26
23 54
64 80
13 17
31 38
41 59
24 45
66 74
8 34
28 36
60 65
4 44
1 24
22 68
24 69
20 29
62 69
23 73
23 80
36 80
43 56
26 39
28 64
29 64
51 77
29 60
3 61
36 52
19 41
4 27
34 75
27 32
18 56
48 59
41 71
14 61
34 55
69 75
43 50
49 57
47 79
38 79
19 39
6 29
30 41
70 75
12 71
30 45
33 70
27 39
14 14
26 46
16 42
26 72
37 78
62 76
38 61
13 57
18 80
4 31
9 42
51 51
48 48
17 42
46 80
18 44
1 36
49 68
71 78
26 49
45 45
33 77
3 23
25 59
14 31
46 74
23 45
46 57
8 32
55 79
45 57
31 56
36 40
47 68
25 64
15 78
25 28
17 55
40 55
38 66
14 54
10 51
35 55
45 78
4 50
10 49
61 75
3 65
21 30
5 25
67 74
37 80
63 74
48 60
39 48
37 76
49 66
36 37
26 36
10 16
48 71
16 72
41 72
43 43
10 70
14 16
14 77
18 77
5 12
2 70
17 66
14 47
3 30
13 34
64 66
19 47
24 28
43 46
10 64
3 32
22 32
53 72
42 63
17 57
1 64
53 57
22 78
50 75
41 41
7 77
18 73
40 75
33 47
32 39
15 21
8 79
70 77
23 25
61 72
51 78
21 32
6 19
46 54
5 72
55 60
20 53
22 49
52 56
54 80
37 51
18 64
7 53
69 79
75 78
8 78
5 64
16 41
43 59
48 55
4 14
25 51
35 59
5 51
23 67
39 60
17 31
51 52
2 77
19 71
21 41
23 44
48 64
4 76
27 40
9 37
16 59
18 54
2 30
48 54
6 18
45 76
74 75
3 45
28 31
14 24
24 67
3 19
12 76
23 26
3 50
5 44
5 73
1 38
62 64
23 61
32 42
28 58
20 68
10 14
61 62
57 77
5 19
44 44
17 43
34 44
26 80
6 58
6 13
33 50
5 22
40 41
7 24
45 70
77 77
7 42
9 31
25 67
42 61
61 66
62 65
8 18
59 67
8 56
17 20
37 48
32 63
64 69
23 57
58 73
23 68
5 49
56 74
51 76
23 35
71 72
2 38
37 68
4 69
4 17
50 54
42 54
20 79
40 46
52 72
8 8
6 8
14 44
38 39
43 66
40 72
54 68
32 72
9 9
40 50
47 50
25 39
13 38
17 74
66 77
30 52
32 47
65 80
46 70
64 64
36 59
10 63
15 50
22 26
35 39
14 22
37 59
46 65
19 54
59 73
5 14
3 41
24 39
14 17
4 57
14 58
4 11
11 19
13 71
4 80
6 51
11 12
9 46
60 79
67 75
39 50
49 77
30 31
2 76
13 18
32 71
1 34
56 62
50 52
16 75
29 56
48 77
51 66
32 34
4 26
15 69
12 64
2 33
22 52
20 70
26 51
16 27
37 44
24 42
1 4
29 71
7 48
9 27
11 16
20 23
18 69
7 47
48 50
9 73
26 33
49 65
9 63
3 8
32 40
6 75
73 73
13 20
23 71
24 72
22 73
50 59
25 32
26 53
1 8
34 54
57 76
31 51
19 37
39 65
3 5
19 67
24 68
14 28
13 62
34 42
1 31
16 35
2 18
13 32
19 57
45 55
20 37
5 32
16 24
37 37
60 66
8 73
4 77
14 41
33 52
12 39
20 25
21 53
68 69
54 63
26 74
16 45
36 77
23 63
59 72
26 32
23 55
24 48
1 58
51 69
1 19
21 44
43 65
11 70
63 76
63 65
20 28
35 80
31 60
41 76
7 80
27 75
25 56
8 40
66 66
6 26
30 34
28 30
20 45
16 60
17 80
66 69
15 80
7 73
21 51
45 67
7 28
54 71
8 80
12 31
26 57
57 72
28 35
40 77
35 78
66 80
4 30
22 79
34 69
14 62
9 45
30 44
56 59
14 36
38 44
55 55
46 78
5 5
12 57
19 34
76 77
20 26
1 33
21 58
57 59
15 33
4 60
4 10
31 63
23 77
13 36
59 61
40 61
18 27
49 52
19 53
12 70
1 53
74 74
55 75
6 28
19 28
40 52
43 77
2 54
1 45
4 40
10 78
71 76
27 73
45 65
23 38
13 24
47 54
8 46
52 69
6 50
19 24
13 53
13 13
9 76
32 37
18 20
11 72
33 68
12 28
17 30
12 65
59 75
44 47
26 65
37 39
54 64
20 36
6 14
10 36
69 74
29 34
62 68
23 76
2 10
31 72
58 63
4 61
71 79
29 58
31 32
67 73
49 60
7 76
3 12
38 71
6 56
5 59
59 77
65 70
39 44
2 61
24 43
23 50
33 63
11 34
16 63
32 36
29 65
9 10
64 67
37 65
33 41
34 48
24 64
52 77
1 9
50 74
66 67
32 53
60 60
24 52
55 69
47 62
32 77
36 56
23 34
41 65
4 15
3 37
63 68
28 71
9 16
28 68
10 68
32 59
54 76
46 68
56 67
55 80
12 41
3 64
17 36
63 72
21 62
7 8
62 79
39 46
28 67
39 71
25 29
31 46
20 75
73 76
28 43
41 42
38 38
21 23
42 44
74 80
26 56
29 80
34 52
39 57
5 16
36 64
32 52
18 59
19 38
33 43
57 64
27 62
9 58
5 24
2 17
16 80
10 45
61 80
38 59
23 74
28 80
19 52
75 79
15 31
26 59
41 57
21 43
22 66
60 75
42 60
25 38
45 60
21 49
5 35
12 26
13 50
44 52
14 52
2 56
11 45
26 60
47 76
50 77
14 64
15 74
24 58
24 75
10 27
18 25
13 27
19 33
29 44
21 59
43 69
63 78
10 11
25 75
42 58
36 36
2 78
73 75
5 76
31 41
2 46
12 20
18 78
12 22
41 46
17 51
22 53
12 45
52 75
15 15
48 52
13 58
40 64
38 41
38 42
17 59
19 60
38 75
10 47
14 71
2 80
65 73
13 48
15 37
2 35
45 54
21 31
11 44
25 46
24 40
24 32
36 74
38 74
29 39
45 51
30 58
2 55
39 62
2 32
64 76
21 47
63 66
18 43
11 60
24 26
26 62
27 34
26 61
22 63
51 56
10 46
8 31
42 52
9 36
27 49
6 55
49 56
3 33
42 74
44 49
61 67
7 41
27 46
10 80
28 29
2 68
8 20
5 50
42 47
18 26
10 10
46 73
53 61
43 76
3 76
35 44
42 75
8 57
2 69
3 31
21 48
6 46
25 57
9 77
19 79
41 45
11 15
57 73
4 78
37 77
36 78
7 37
4 53
38 45
6 12
22 74
12 35
20 76
7 26
18 37
71 75
12 17
8 12
24 49
20 44
37 46
20 30
31 57
48 65
46 62
27 70
17 46
69 76
43 54
3 28
24 33
17 50
31 45
12 33
43 73
58 64
37 67
27 31
12 56
78 78
70 79
6 74
14 79
7 45
42 64
47 53
13 19
51 71
1 5
4 67
32 70
18 72
26 50
6 72
23 46
8 30
31 79
15 52
46 72
17 41
14 33
10 22
43 45
65 68
35 79
70 71
5 71
11 35
22 34
27 29
13 16
3 14
43 63
5 13
36 70
5 29
9 48
41 47
27 45
25 40
62 75
41 62
21 25
21 72
26 29
19 19
64 73
33 67
29 67
2 31
30 62
24 50
13 73
8 25
31 39
39 68
13 75
2 47
26 35
8 67
55 67
9 32
31 52
22 50
66 75
10 60
34 62
22 72
27 65
42 71
40 67
12 43
33 57
11 75
7 56
13 33
34 51
8 22
12 44
7 54
3 77
34 64
8 53
11 11
37 71
56 66
7 57
8 29
72 79
24 66
39 63
57 58
27 42
28 77
44 79
5 61
16 20
36 61
32 66
38 58
33 60
29 63
18 34
40 47
8 28
52 62
33 34
32 43
48 51
61 74
40 48
29 77
13 25
12 30
32 73
28 74
56 63
3 68
4 16
14 76
16 71
24 44
39 39
39 69
19 70
1 40
24 80
40 42
10 30
60 64
1 27
14 40
16 19
43 75
11 50
16 23
58 76
56 65
56 56
6 11
22 41
7 35
16 32
4 58
30 56
7 75
23 70
44 68
20 51
39 79
7 29
8 14
6 32
10 65
45 46
3 11
3 58
26 45
6 34
37 41
11 68
3 69
11 39
6 68
25 69
13 77
3 48
52 74
37 60
31 49
47 66
41 73
54 67
55 66
31 68
42 65
21 64
65 75
8 43
2 43
32 45
7 61
33 45
16 48
10 77
9 71
13 72
34 59
16 40
25 62
17 75
12 63
23 52
26 43
48 68
12 42
32 75
6 25
6 59
25 78
74 77
18 39
31 48
11 71
41 43
1 55
31 67
7 30
35 48
50 56
8 75
15 27
11 80
30 57
50 72
56 77
43 53
6 41
1 44
30 65
52 70
58 67
61 70
28 46
8 42
3 59
34 72
39 56
69 69
8 60
41 52
6 30
45 80
12 66
38 53
22 64
46 48
25 77
7 19
29 29
15 70
46 63
40 45
60 71
50 79
14 51
66 79
46 71
53 74
50 80
39 80
10 23
10 28
9 39
28 78
25 42
11 25
29 37
12 37
35 62
2 5
54 60
59 66
26 76
52 76
12 72
25 30
78 79
61 68
21 46
46 61
8 51
43 61
13 64
35 72
33 38
45 79
8 65
15 54
2 12
25 76
38 63
34 34
30 50
20 56
12 69
10 12
67 78
46 79
53 73
19 29
22 44
18 47
22 42
62 70
13 79
5 69
47 47
39 75
63 70
21 24
50 67
19 50
35 57
26 48
13 51
2 44
50 63
1 11
7 67
6 38
13 52
37 70
29 53
24 30
22 35
27 69
22 59
21 42
19 69
67 72
36 54
64 75
23 37
39 58
37 54
54 57
3 15
35 47
11 69
60 61
24 76
15 59
39 73
23 62
3 57
1 70
17 78
14 30
15 34
2 60
72 74
50 73
13 37
7 70
33 46
20 69
54 69
10 25
11 55
13 78
5 77
49 53
78 80
16 67
16 22
19 58
18 38
1 52
24 65
48 53
8 38
19 65
37 61
23 64
30 75
61 71
18 49
32 55
14 70
38 70
20 39
32 44
5 42
47 72
38 56
58 75
51 55
20 65
16 52
2 24
35 77
13 43
70 74
31 62
18 63
53 64
21 50
4 68
53 69
44 62
26 70
28 69
11 49
7 78
44 80
70 76
16 50
16 37
26 77
53 62
51 60
47 61
68 79
26 75
10 56
40 62
42 49
56 61
21 63
31 55
14 50
10 75
54 66
1 6
20 20
52 79
34 66
27 76
55 62
34 80
23 78
24 61
3 17
21 80
34 38
44 74
5 34
2 50
4 32
9 19
36 38
13 66
37 58
20 49
36 73
33 54
50 61
5 18
17 19
53 75
7 31
6 9
14 67
34 39
12 40
3 71
44 45
58 61
35 65
32 64
9 74
17 72
17 53
12 14
10 32
7 14
17 52
54 77
41 49
21 22
32 74
26 44
27 38
61 63
59 70
28 61
43 51
42 57
36 49
26 68
25 45
9 18
11 32
23 66
50 57
3 40
73 77
22 56
20 60
46 50
7 64
46 67
32 35
29 75
11 30
28 65
60 69
52 68
36 48
13 70
3 53
25 66
1 12
18 35
24 79
14 38
40 57
45 61
56 69
39 42
5 20
8 35
7 51
49 62
18 31
62 67
8 62
11 29
68 80
22 76
3 54
9 43
14 26
49 55
16 31
6 60
4 45
20 67
18 42
2 48
30 36
50 68
77 80
28 49
7 21
17 56
10 76
28 53
35 38
13 46
13 47
54 79
21 27
33 42
30 72
1 47
28 40
56 71
53 77
21 73
1 13
52 65
49 54
33 44
22 77
21 52
38 78
5 54
51 59
59 79
20 47
22 62
33 56
14 27
50 55
18 66
18 32
26 47
49 73
49 63
7 9
40 68
47 73
64 78
64 71
10 26
56 80
59 71
25 72
39 61
13 55
17 22
38 67
73 80
47 59
7 39
29 74
19 56
21 65
3 51
11 73
16 26
35 70
34 57
55 70
25 74
50 50
26 38
6 47
55 71
22 33
1 17
23 69
42 45
33 79
45 66
6 57
16 51
4 29
44 73
1 1
38 68
30 48
29 46
29 72
6 64
25 34
53 78
58 71
34 74
43 71
60 68
19 76
6 39
6 78
8 11
13 22
73 74
20 62
9 50
12 54
15 23
35 41
7 18
34 77
18 71
3 67
9 79
67 68
43 70
27 56
72 75
17 54
16 21
58 77
28 63
1 69
42 66
7 72
1 16
7 46
26 64
18 68
23 72
4 41
3 74
27 52
42 69
65 74
5 37
65 65
34 73
14 72
68 68
29 59
33 33
24 46
7 52
24 47
13 74
4 46
12 38
2 51
24 60
18 79
14 55
18 74
15 26
2 3
21 40
37 79
4 66
34 67
5 6
47 77
54 56
21 79
49 50
1 39
35 50
56 76
15 64
48 58
36 63
11 38
21 55
27 51
2 14
64 79
5 26
25 33
15 75
55 72
4 8
4 19
1 63
4 6
11 14
8 17
21 71
7 60
38 73
12 49
37 75
21 74
9 14
54 70
53 79
11 61
9 20
25 70
20 59
11 62
5 21
62 73
44 64
37 53
33 51
18 61
8 44
22 45
56 60
1 76
43 78
17 24
10 42
27 28
53 68
16 79
45 53
9 38
75 80
4 71
3 34
23 23
27 63
8 27
41 75
72 73
31 69
76 79
53 54
1 20
33 62
17 45
9 70
28 73
6 10
56 57
9 78
21 35
59 80
39 67
21 68
46 46
15 67
9 72
31 65
38 80
30 39
1 15
33 49
16 56
25 26
54 73
6 63
59 65
9 61
4 33
8 9
18 41
35 73
32 69
1 23
2 8
4 36
44 69
42 62
40 69
18 19
23 48
25 27
17 17
31 34
15 16
30 38
45 62
4 52
27 71
61 61
31 71
37 38
25 47
14 45
3 4
26 40
20 52
30 43
2 53
29 31
47 56
32 62
9 30
13 31
44 59
4 63
61 76
45 74
57 65
20 40
3 47
43 44
27 61
60 73
32 65
41 67
4 12
43 57
9 22
14 35
26 55
4 38
66 71
22 61
36 41
9 69
16 73
11 28
10 59
7 16
10 54
20 34
51 79
27 67
65 66
75 75
48 73
38 54
1 62
54 78
17 40
51 73
35 46
25 58
3 73
10 67
51 57
16 69
24 54
20 43
41 55
48 80
4 72
1 35
45 56
7 69
16 74
9 23
10 61
23 51
71 77
36 76
18 65
35 53
35 71
37 45
6 37
21 26
22 75
18 67
38 49
4 65
23 59
40 63
1 75
11 51
33 61
13 28
65 69
23 43
16 70
6 61
29 70
15 28
13 69
56 78
35 54
27 54
55 59
69 78
26 66
11 52
9 12
58 74
39 40
66 73
4 55
25 48
6 71
14 19
17 62
12 36
12 23
3 44
6 40
63 79
40 76
19 45
17 73
8 59
5 41
65 79
44 55
11 42
8 68
52 55
2 9
24 53
52 52
51 54
12 55
44 71
19 36
47 51
34 40
17 25
63 80
16 55
21 34
7 36
49 49
60 72
17 33
28 60
14 69
18 18
35 42
44 48
1 28
21 75
66 76
46 66
12 74
55 65
35 40
20 78
8 23
17 67
12 27
33 74
18 29
52 63
45 69
22 36
46 51
29 42
14 80
31 64
41 53
28 59
3 10
15 29
19 75
77 79
12 75
60 76
14 37
39 41
1 14
9 21
40 80
11 79
40 44
17 39
10 48
31 73
40 66
6 6
25 52
4 5
27 33
15 76
33 66
38 69
25 37
15 73
41 51
24 41
26 73
53 59
15 30
24 55
11 77
5 10
26 71
9 53
23 79
5 60
71 74
28 62
10 58
45 71
13 39
13 26
18 30
6 48
21 56
27 64
22 48
23 42
47 58
48 75
14 34
26 63
19 32
19 63
57 79
5 45
18 21
7 68
23 32
19 27
5 17
61 64
37 64
27 79
10 73
45 59
41 48
20 77
27 57
30 54
44 75
28 47
45 63
13 44
36 69
42 78
6 15
4 21
45 68
36 55
68 75
8 36
45 52
1 79
50 69
15 46
10 74
41 79
76 78
22 57
3 42
27 72
30 32
32 49
19 21
41 74
20 46
42 56
38 51
61 65
30 46
33 73
41 50
33 75
4 23
11 40
76 80
48 62
55 78
36 43
29 76
4 7
67 77
3 60
58 72
21 36
73 79
8 72
63 63
19 74
5 74
60 62
10 39
16 30
61 77
33 76
27 41
47 52
34 78
24 36
18 40
17 60
29 66
1 80
20 63
14 65
38 48
2 34
36 57
50 70
2 7
38 40
18 55
46 76
16 78
57 66
29 43
49 72
25 41
38 46
11 46
8 61
1 59
65 72
40 79
11 41
20 32
19 64
28 28
42 42
3 70
24 34
34 58
1 18
5 62
26 31
10 37
14 23
2 58
18 36
51 53
9 55
68 74
15 19
8 66
9 25
10 34
53 53
5 7
34 68
39 64
19 23
52 58
16 46
33 48
9 65
7 66
1 73
17 65
29 54
67 67
25 68
69 70
14 66
54 54
30 42
59 69
35 52
20 58
54 75
7 15
39 54
20 42
3 6
6 70
59 68
18 48
8 55
3 63
27 27
9 34
52 57
38 62
42 80
19 25
26 26
23 49
50 76
18 75
60 78
36 45
9 67
29 55
42 46
61 73
30 47
36 58
41 78
24 62
31 58
14 63
36 66
7 43
24 29
7 34
34 70
23 33
34 35
6 45
30 73
37 40
11 36
30 64
45 77
42 59
14 57
1 7
31 70
5 23
62 78
66 70
10 15
42 55
68 76
30 37
14 78
52 54
46 77
44 66
65 78
36 62
28 51
14 73
28 54
48 57
19 48
7 27
41 60
26 67
5 70
63 77
58 60
74 78
52 60
21 37
7 12
44 78
14 68
11 47
19 26
11 18
7 33
6 76
11 22
13 15
2 4
18 60
8 76
15 71
32 67
33 78
29 73
5 67
69 77
68 78
55 76
49 64
9 41
25 36
32 68
12 12
8 50
17 63
17 27
26 41
43 67
24 73
1 10
43 47
40 43
74 79
19 46
8 26
38 77
72 77
3 21
50 64
42 73
1 25
16 66
5 57
23 47
34 49
57 60
2 75
23 36
3 75
4 70
16 65
2 21
18 76
7 58
15 77
56 72
65 67
23 58
15 79
4 9
11 53
57 74
12 29
34 76
2 73
17 48
32 51
3 26
13 41
23 60
56 70
12 48
4 34
16 53
46 49
27 50
8 45
8 39
3 22
28 34
37 55
14 60
15 32
5 39
6 17
23 31
42 70
22 23
21 33
68 73
44 76
11 37
14 74
4 75
2 41
15 65
71 80
37 52
19 77
39 43
76 76
6 33
52 53
39 78
59 64
47 74
1 43
48 76
3 78
19 59
8 41
23 30
6 27
14 56
67 79
40 74
35 76
11 24
21 45
53 60
20 31
26 34
49 59
66 72
37 42
15 51
38 43
1 72
20 38
64 70
3 56
8 16
5 53
20 64
45 49
43 52
64 74
13 76
13 29
2 74
14 25
35 67
22 38
32 79
12 47
67 76
39 53
59 76
21 54
62 80
12 79
20 54
9 40
42 79
27 35
14 32
31 43
34 56
15 25
33 40
8 58
38 47
35 60
2 28
15 42
2 66
13 60
2 72
36 75
12 18
29 36
4 39
5 52
43 58
30 74
7 59
9 17
16 29
20 21
29 41
29 45
22 69
23 24
1 61
13 49
15 68
24 25
51 63
33 71
69 71
7 32
29 40
2 23
37 69
1 78
43 49
14 18
15 36
19 72
4 47
27 30
75 77
52 80
28 76
39 76
56 58
2 13
26 52
23 53
20 50
13 35
49 71
2 36
34 71
65 76
57 69
51 70
63 64
5 40
19 61
7 55
2 63
2 62
32 60
37 73
42 50
57 71
25 44
29 48
44 50
9 54
15 45
9 75
3 7
32 56
31 47
7 20
36 68
33 72
12 59
9 28
46 55
21 57
1 56
12 21
5 78
1 51
13 67
34 37
55 56
9 66
17 21
16 58
10 62
2 45
3 36
7 40
1 21
16 47
20 73
38 65
14 42
11 21
8 24
18 58
13 54
1 26
45 50
2 27
70 72
47 49
27 74
27 80
24 24
42 72
12 32
15 61
38 64
39 70
36 65
21 28
9 62
28 79
79 80
2 2
35 64
23 27
5 68
3 79
48 61
8 21
6 49
48 72
32 61
20 57
43 80
29 68
67 69
31 33
8 69
13 68
2 19
6 62
8 37
8 70
49 58
57 75
8 48
36 79
4 20
11 57
14 15
22 70
60 70
43 48
51 72
53 58
38 50
5 31
2 57
1 29
36 71
3 43
44 53
27 78
2 65
2 52
42 53
21 29
29 79
34 79
6 20
59 62
7 71
22 65
43 68
37 72
31 50
42 43
58 79
53 55
2 79
16 49
59 63
14 59
28 45
34 53
69 80
31 75
36 72
30 67
40 78
16 64
29 49
17 38
14 49
2 16
62 74
39 51
4 59
43 64
73 78
6 21
57 78
37 50
9 13
6 77
15 62
44 58
27 48
9 64
8 33
30 80
5 33
23 39
30 61
30 59
21 76
7 23
2 64
3 72
10 24
21 77
39 59
30 60
35 63
16 62
7 13
7 17
41 61
52 67
18 24
32 80
46 75
28 57
32 57
29 57
47 70
16 39
11 76
38 57
9 33
4 28
15 40
16 18
3 55
47 80
31 74
7 63
40 53
34 65
35 36
31 35
50 60
31 37
68 71
31 80
6 7
25 25
46 56
37 43
7 25
6 65
46 47
3 66
6 22
41 80
27 53
12 61
24 57
22 28
10 50
4 22
45 48
28 72
25 49
6 66
2 29
12 67
56 75
21 21
57 68
4 43
8 10
62 77
55 73
8 71
34 36
9 44
12 15
12 60
58 69
27 47
20 80
36 46
42 48
54 55
13 21
62 71
15 43
30 63
25 61
19 80
19 49
35 75
42 51
7 22
21 39
48 49
7 7
14 46
20 55
56 73
16 16
63 69
51 74
7 65
33 55
10 40
20 22
27 37
11 74
63 73
2 26
11 59
49 67
30 35
50 58
31 31
52 59
18 46
15 56
49 70
47 67
10 38
6 16
18 70
20 35
1 57
16 17
10 43
68 70
24 27
8 47
19 78
24 63
22 55
5 9
35 49
28 50
9 29
67 71
39 66
9 80
11 66
27 66
30 30
13 61
49 75
54 58
17 69
24 38
10 18
51 62
48 67
12 80
55 74
36 60
29 61
4 24
7 79
12 53
53 63
32 41
4 49
16 54
5 43
13 63
6 79
51 61
64 77
20 72
6 35
19 51
32 50
11 17
22 29
5 11
6 23
2 11
54 74
15 24
3 3
12 62
74 76
21 66
56 64
20 71
48 74
1 49
22 54
42 77
33 53
13 56
49 61
22 80
39 72
26 37
57 57
16 36
25 54
10 72
1 46
9 26
22 39
9 68
29 69
35 61
38 60
32 48
46 69
58 80
16 68
24 56
26 28
14 21
40 49
25 71
27 36
6 42
26 69
12 68
17 37
10 21
11 33
16 77
37 63
44 56
34 63
11 43
17 61
25 35
19 62
7 74
3 20
30 76
27 44
13 23
19 20
72 72
55 68
22 40
24 51
40 73
13 65
5 56
1 54
9 57
32 54
6 67
4 18
47 48
19 68
60 63
4 51
1 41
8 54
63 75
10 66
19 30
24 77
57 63
6 36
22 25
41 64
13 45
47 57
39 49
16 28
3 16
47 55
16 25
18 45
55 57
44 46
3 29
12 77
19 43
22 60
34 45
5 48
2 25
28 55
4 13
51 68
17 76
61 78
3 35
30 66
9 60
11 78
17 58
1 50
45 75
48 69
22 22
6 31
34 61
43 79
12 52
21 69
26 27
11 64
41 66
12 16
30 55
45 47
44 60
6 43
59 60
20 48
30 69
13 42
51 58
15 18
21 67
51 65
38 76
64 68
1 48
3 24
36 47
44 57
30 51
10 53
59 74
8 19
19 42
16 61
21 38
11 56
65 77
11 27
17 23
51 80
29 32
29 50
1 3
23 40
21 60
34 60
45 64
63 67
17 64
42 76
44 61
15 35
58 65
18 51
5 38
1 74
63 71
28 37
29 78
48 79
43 60
46 60
3 49
1 71
46 53
69 72
25 80
3 9
37 49
6 53
28 42
12 51
10 79
42 68
40 54
22 27
53 65
34 50
25 43
62 63
44 70
75 76
49 69
5 36
8 13
61 69
15 38
2 59
67 80
19 73
31 66
31 59
22 67
2 42
50 53
13 14
11 48
45 73
58 68
70 80
47 69
4 37
18 53
5 47
40 60
16 76
35 51
44 63
32 38
23 65
5 65
28 70
31 76
20 24
17 28
47 65
21 78
15 57
65 71
9 15
71 73
10 20
5 58
37 47
26 79
20 27
37 56
4 56
1 60
17 47
3 80
22 24
39 52
14 53
18 23
13 30
