100 5050
eaxqpyoamkxmadkxfqvnzwwvrlickjhxqgaiysanpmsrfeqisg
jgudfjoaghtsitnwqdhhjjuprypdaavvmcdkuvneerwzphjfbs
jgudfjoaghtsitnwqdhhjjuprypdaavvmcdkuvneerwzphjfbs
eaxqpyoamkxmadkxfqvnzwwvrlickjhxqgaiysanpmsrfeqisg
eaxqpyoamkxmadkxfqvnzwwvrlickjhxqgaiysanpmsrfeqisg
jgudfjoaghtsitnwqdhhjjuprypdaavvmcdkuvneerwzphjfbs
eaxqpyoamkxmadkxfqvnzwwvrlickjhxqgaiysanpmsrfeqisg
jgudfjoaghtsitnwqdhhjjuprypdaavvmcdkuvneerwzphjfbs
jgudfjoaghtsitnwqdhhjjuprypdaavvmcdkuvneerwzphjfbs
eaxqpyoamkxmadkxfqvnzwwvrlickjhxqgaiysanpmsrfeqisg
eaxqpyoamkxmadkxfqvnzwwvrlickjhxqgaiysanpmsrfeqisg
jgudfjoaghtsitnwqdhhjjuprypdaavvmcdkuvneerwzphjfbs
eaxqpyoamkxmadkxfqvnzwwvrlickjhxqgaiysanpmsrfeqisg
jgudfjoaghtsitnwqdhhjjuprypdaavvmcdkuvneerwzphjfbs
jgudfjoaghtsitnwqdhhjjuprypdaavvmcdkuvneerwzphjfbs
eaxqpyoamkxmadkxfqvnzwwvrlickjhxqgaiysanpmsrfeqisg
eaxqpyoamkxmadkxfqvnzwwvrlickjhxqgaiysanpmsrfeqisg
jgudfjoaghtsitnwqdhhjjuprypdaavvmcdkuvneerwzphjfbs
jgudfjoaghtsitnwqdhhjjuprypdaavvmcdkuvneerwzphjfbs
eaxqpyoamkxmadkxfqvnzwwvrlickjhxqgaiysanpmsrfeqisg
eaxqpyoamkxmadkxfqvnzwwvrlickjhxqgaiysanpmsrfeqisg
jgudfjoaghtsitnwqdhhjjuprypdaavvmcdkuvneerwzphjfbs
jgudfjoaghtsitnwqdhhjjuprypdaavvmcdkuvneerwzphjfbs
eaxqpyoamkxmadkxfqvnzwwvrlickjhxqgaiysanpmsrfeqisg
eaxqpyoamkxmadkxfqvnzwwvrlickjhxqgaiysanpmsrfeqisg
jgudfjoaghtsitnwqdhhjjuprypdaavvmcdkuvneerwzphjfbs
jgudfjoaghtsitnwqdhhjjuprypdaavvmcdkuvneerwzphjfbs
eaxqpyoamkxmadkxfqvnzwwvrlickjhxqgaiysanpmsrfeqisg
eaxqpyoamkxmadkxfqvnzwwvrlickjhxqgaiysanpmsrfeqisg
jgudfjoaghtsitnwqdhhjjuprypdaavvmcdkuvneerwzphjfbs
jgudfjoaghtsitnwqdhhjjuprypdaavvmcdkuvneerwzphjfbs
eaxqpyoamkxmadkxfqvnzwwvrlickjhxqgaiysanpmsrfeqisg
eaxqpyoamkxmadkxfqvnzwwvrlickjhxqgaiysanpmsrfeqisg
jgudfjoaghtsitnwqdhhjjuprypdaavvmcdkuvneerwzphjfbs
jgudfjoaghtsitnwqdhhjjuprypdaavvmcdkuvneerwzphjfbs
eaxqpyoamkxmadkxfqvnzwwvrlickjhxqgaiysanpmsrfeqisg
jgudfjoaghtsitnwqdhhjjuprypdaavvmcdkuvneerwzphjfbs
eaxqpyoamkxmadkxfqvnzwwvrlickjhxqgaiysanpmsrfeqisg
jgudfjoaghtsitnwqdhhjjuprypdaavvmcdkuvneerwzphjfbs
eaxqpyoamkxmadkxfqvnzwwvrlickjhxqgaiysanpmsrfeqisg
eaxqpyoamkxmadkxfqvnzwwvrlickjhxqgaiysanpmsrfeqisg
jgudfjoaghtsitnwqdhhjjuprypdaavvmcdkuvneerwzphjfbs
eaxqpyoamkxmadkxfqvnzwwvrlickjhxqgaiysanpmsrfeqisg
jgudfjoaghtsitnwqdhhjjuprypdaavvmcdkuvneerwzphjfbs
jgudfjoaghtsitnwqdhhjjuprypdaavvmcdkuvneerwzphjfbs
eaxqpyoamkxmadkxfqvnzwwvrlickjhxqgaiysanpmsrfeqisg
eaxqpyoamkxmadkxfqvnzwwvrlickjhxqgaiysanpmsrfeqisg
jgudfjoaghtsitnwqdhhjjuprypdaavvmcdkuvneerwzphjfbs
eaxqpyoamkxmadkxfqvnzwwvrlickjhxqgaiysanpmsrfeqisg
jgudfjoaghtsitnwqdhhjjuprypdaavvmcdkuvneerwzphjfbs
eaxqpyoamkxmadkxfqvnzwwvrlickjhxqgaiysanpmsrfeqisg
jgudfjoaghtsitnwqdhhjjuprypdaavvmcdkuvneerwzphjfbs
jgudfjoaghtsitnwqdhhjjuprypdaavvmcdkuvneerwzphjfbs
eaxqpyoamkxmadkxfqvnzwwvrlickjhxqgaiysanpmsrfeqisg
eaxqpyoamkxmadkxfqvnzwwvrlickjhxqgaiysanpmsrfeqisg
jgudfjoaghtsitnwqdhhjjuprypdaavvmcdkuvneerwzphjfbs
jgudfjoaghtsitnwqdhhjjuprypdaavvmcdkuvneerwzphjfbs
eaxqpyoamkxmadkxfqvnzwwvrlickjhxqgaiysanpmsrfeqisg
jgudfjoaghtsitnwqdhhjjuprypdaavvmcdkuvneerwzphjfbs
eaxqpyoamkxmadkxfqvnzwwvrlickjhxqgaiysanpmsrfeqisg
eaxqpyoamkxmadkxfqvnzwwvrlickjhxqgaiysanpmsrfeqisg
jgudfjoaghtsitnwqdhhjjuprypdaavvmcdkuvneerwzphjfbs
eaxqpyoamkxmadkxfqvnzwwvrlickjhxqgaiysanpmsrfeqisg
jgudfjoaghtsitnwqdhhjjuprypdaavvmcdkuvneerwzphjfbs
jgudfjoaghtsitnwqdhhjjuprypdaavvmcdkuvneerwzphjfbs
eaxqpyoamkxmadkxfqvnzwwvrlickjhxqgaiysanpmsrfeqisg
eaxqpyoamkxmadkxfqvnzwwvrlickjhxqgaiysanpmsrfeqisg
jgudfjoaghtsitnwqdhhjjuprypdaavvmcdkuvneerwzphjfbs
eaxqpyoamkxmadkxfqvnzwwvrlickjhxqgaiysanpmsrfeqisg
jgudfjoaghtsitnwqdhhjjuprypdaavvmcdkuvneerwzphjfbs
jgudfjoaghtsitnwqdhhjjuprypdaavvmcdkuvneerwzphjfbs
eaxqpyoamkxmadkxfqvnzwwvrlickjhxqgaiysanpmsrfeqisg
eaxqpyoamkxmadkxfqvnzwwvrlickjhxqgaiysanpmsrfeqisg
jgudfjoaghtsitnwqdhhjjuprypdaavvmcdkuvneerwzphjfbs
eaxqpyoamkxmadkxfqvnzwwvrlickjhxqgaiysanpmsrfeqisg
jgudfjoaghtsitnwqdhhjjuprypdaavvmcdkuvneerwzphjfbs
jgudfjoaghtsitnwqdhhjjuprypdaavvmcdkuvneerwzphjfbs
eaxqpyoamkxmadkxfqvnzwwvrlickjhxqgaiysanpmsrfeqisg
eaxqpyoamkxmadkxfqvnzwwvrlickjhxqgaiysanpmsrfeqisg
jgudfjoaghtsitnwqdhhjjuprypdaavvmcdkuvneerwzphjfbs
jgudfjoaghtsitnwqdhhjjuprypdaavvmcdkuvneerwzphjfbs
eaxqpyoamkxmadkxfqvnzwwvrlickjhxqgaiysanpmsrfeqisg
jgudfjoaghtsitnwqdhhjjuprypdaavvmcdkuvneerwzphjfbs
eaxqpyoamkxmadkxfqvnzwwvrlickjhxqgaiysanpmsrfeqisg
jgudfjoaghtsitnwqdhhjjuprypdaavvmcdkuvneerwzphjfbs
eaxqpyoamkxmadkxfqvnzwwvrlickjhxqgaiysanpmsrfeqisg
eaxqpyoamkxmadkxfqvnzwwvrlickjhxqgaiysanpmsrfeqisg
jgudfjoaghtsitnwqdhhjjuprypdaavvmcdkuvneerwzphjfbs
eaxqpyoamkxmadkxfqvnzwwvrlickjhxqgaiysanpmsrfeqisg
jgudfjoaghtsitnwqdhhjjuprypdaavvmcdkuvneerwzphjfbs
eaxqpyoamkxmadkxfqvnzwwvrlickjhxqgaiysanpmsrfeqisg
jgudfjoaghtsitnwqdhhjjuprypdaavvmcdkuvneerwzphjfbs
eaxqpyoamkxmadkxfqvnzwwvrlickjhxqgaiysanpmsrfeqisg
jgudfjoaghtsitnwqdhhjjuprypdaavvmcdkuvneerwzphjfbs
eaxqpyoamkxmadkxfqvnzwwvrlickjhxqgaiysanpmsrfeqisg
jgudfjoaghtsitnwqdhhjjuprypdaavvmcdkuvneerwzphjfbs
eaxqpyoamkxmadkxfqvnzwwvrlickjhxqgaiysanpmsrfeqisg
jgudfjoaghtsitnwqdhhjjuprypdaavvmcdkuvneerwzphjfbs
eaxqpyoamkxmadkxfqvnzwwvrlickjhxqgaiysanpmsrfeqisg
jgudfjoaghtsitnwqdhhjjuprypdaavvmcdkuvneerwzphjfbs
25 80
32 37
82 90
10 20
12 22
38 75
1 61
2 87
58 96
23 25
85 86
38 99
67 91
9 52
10 21
5 93
4 48
1 42
13 69
21 84
44 55
9 66
65 80
51 66
9 91
9 75
13 77
75 97
15 79
22 81
9 92
64 88
29 82
3 70
3 40
62 97
4 43
8 79
8 62
56 91
84 94
5 15
47 82
11 75
25 94
31 72
67 94
2 35
51 83
22 64
1 73
73 88
21 85
44 85
1 59
12 60
34 93
15 82
10 30
45 80
79 79
25 29
5 75
36 47
10 56
18 52
13 93
5 58
85 92
28 54
24 46
28 72
23 88
9 88
43 86
8 57
56 63
44 63
77 79
25 43
13 90
78 84
39 48
23 41
3 58
62 80
45 100
22 87
5 56
28 62
13 74
15 61
14 100
13 84
84 90
50 61
58 86
16 52
8 38
41 64
30 95
31 91
92 96
10 92
78 99
31 82
43 53
18 94
12 18
47 81
30 68
14 21
9 68
59 95
83 100
39 87
22 88
14 29
57 93
12 69
43 57
8 71
3 13
58 91
54 72
10 93
30 59
22 44
84 95
12 65
13 28
31 33
51 54
47 73
12 74
20 28
6 92
37 81
22 38
1 11
77 85
16 64
21 47
8 98
14 27
37 79
69 92
29 37
25 76
22 71
51 86
18 26
22 35
36 88
23 54
17 23
2 5
52 62
2 14
17 61
52 68
38 91
12 93
9 98
35 84
13 67
13 33
5 74
65 87
2 23
3 87
67 75
2 60
74 76
21 97
12 97
38 52
36 80
40 52
18 78
28 53
20 39
2 3
52 70
9 73
70 75
80 97
33 70
53 54
20 27
3 30
13 63
36 52
30 79
51 84
81 98
47 77
39 80
18 57
25 44
35 40
83 90
38 68
67 97
12 29
5 37
10 42
8 39
18 100
10 72
65 99
64 96
69 99
22 32
8 37
5 8
9 90
53 75
19 50
54 89
23 47
74 89
36 100
28 70
98 98
7 53
20 81
35 86
53 67
20 52
68 79
14 61
16 35
41 52
34 59
9 14
2 40
39 90
32 34
48 87
71 72
27 51
65 90
34 52
26 49
60 62
50 50
53 83
18 36
21 63
61 66
62 85
20 69
51 55
91 99
28 31
23 24
15 33
33 91
79 96
84 88
27 60
45 52
31 71
53 55
35 62
10 29
15 68
55 56
9 20
9 57
1 1
15 44
52 76
88 98
46 51
35 63
2 16
47 67
68 74
32 97
55 73
35 35
42 50
1 84
25 78
33 100
42 46
74 97
10 74
17 17
39 42
5 67
25 55
38 53
24 39
35 46
15 46
30 30
7 97
39 43
20 88
14 39
6 9
64 87
8 10
61 78
56 65
72 74
27 38
30 77
43 67
29 71
64 68
15 41
57 64
26 96
49 96
24 50
20 59
1 100
55 55
30 42
60 95
30 74
31 83
24 58
18 70
47 95
6 44
31 63
25 97
11 15
49 84
12 39
63 98
20 72
70 71
3 9
3 16
14 63
48 64
44 77
94 98
43 61
26 30
6 13
81 97
59 100
6 63
16 26
46 66
11 71
1 29
3 54
8 67
18 50
8 65
34 43
21 62
61 88
65 91
26 29
11 11
13 34
46 80
45 98
13 89
48 68
9 9
24 71
69 71
54 84
11 25
29 74
18 90
93 99
6 94
81 84
52 78
67 92
10 55
12 82
26 73
12 35
41 61
2 47
3 6
5 34
36 79
32 53
46 96
3 62
46 63
68 99
53 62
29 94
3 79
2 94
67 80
26 56
33 58
67 76
12 58
20 76
23 100
30 85
30 66
13 56
27 89
2 24
58 58
33 60
13 45
23 89
73 91
14 92
37 69
11 76
42 58
6 72
80 91
32 44
43 89
36 63
41 97
16 22
81 99
3 10
4 86
29 80
13 59
41 91
76 77
39 82
30 100
64 83
57 57
14 94
38 69
39 69
19 20
62 62
67 70
20 80
10 77
29 54
67 68
56 72
2 7
21 60
70 78
26 57
22 66
74 85
12 89
42 63
8 74
21 39
48 94
29 62
68 83
45 86
20 49
4 41
4 98
4 53
35 75
5 94
71 94
37 84
1 23
16 71
3 64
1 38
24 100
62 69
45 81
70 90
20 74
19 74
63 82
47 85
38 86
1 19
14 60
52 60
25 48
48 97
70 87
26 85
10 73
42 99
18 47
85 98
31 46
30 70
50 63
31 48
49 62
12 44
33 84
18 33
7 58
17 84
6 30
52 55
96 97
2 45
4 95
41 82
66 97
56 75
13 22
19 45
67 87
18 73
8 72
71 97
5 84
55 60
39 78
44 73
39 81
24 97
6 80
16 36
10 38
64 90
3 34
70 77
50 81
7 30
82 92
35 70
23 61
44 78
42 48
34 87
16 24
65 89
16 83
60 94
31 93
83 93
43 95
58 67
68 98
48 73
23 79
54 94
78 98
1 30
13 98
56 69
27 63
9 64
34 95
46 99
4 6
62 63
66 73
23 74
32 86
16 96
62 67
1 75
54 79
27 76
19 97
17 94
18 21
38 93
61 61
5 30
56 73
80 100
3 25
74 84
16 93
18 35
39 49
66 75
51 88
17 77
82 95
1 17
89 92
54 76
17 37
6 86
16 60
79 82
1 13
36 67
33 62
28 94
69 83
9 10
20 37
36 38
25 46
35 80
1 78
58 85
65 82
49 72
11 22
16 78
34 61
10 84
64 78
37 62
37 41
5 45
49 94
76 93
42 64
47 86
13 54
28 84
23 71
24 51
10 63
45 50
12 86
11 64
55 88
60 64
48 50
54 93
67 82
23 56
40 63
18 51
29 68
3 38
55 64
51 79
44 65
26 27
25 68
50 79
78 89
15 80
44 62
34 97
19 64
35 64
31 70
45 60
36 99
26 82
47 59
8 76
21 51
42 96
55 99
8 27
36 94
23 36
41 45
54 90
10 57
49 91
60 88
2 10
52 66
6 7
87 90
10 95
26 89
45 90
30 34
27 81
60 60
26 32
33 38
6 38
50 88
31 80
76 87
19 42
41 89
32 38
2 37
46 60
21 46
89 89
26 26
5 27
10 18
81 81
9 86
39 99
32 98
39 67
58 83
25 70
8 13
33 77
44 86
20 54
66 72
48 88
39 57
5 17
16 66
42 54
33 95
25 27
50 100
64 97
7 94
41 43
21 92
18 60
43 56
75 93
65 88
63 97
75 77
13 88
21 77
46 57
15 35
17 33
77 98
10 90
1 48
45 79
4 70
45 78
26 84
28 81
45 63
28 34
29 86
18 64
59 97
56 77
17 80
66 78
19 39
49 53
12 42
11 17
11 70
68 95
17 73
3 42
69 82
44 67
21 43
61 79
24 90
50 60
90 94
2 43
4 35
14 18
48 82
48 76
51 90
61 75
22 100
90 100
48 62
27 79
5 86
15 26
4 42
7 23
27 72
27 94
58 68
36 71
4 16
54 56
4 93
16 43
16 69
11 31
28 78
14 98
61 94
58 76
42 51
5 23
51 99
53 98
45 59
46 81
13 64
15 27
3 71
5 90
72 94
39 88
61 72
45 66
30 45
53 100
25 36
63 81
46 69
22 31
8 35
12 53
33 99
21 35
25 79
5 79
4 91
51 63
32 55
25 91
77 93
76 95
82 82
34 56
21 36
29 43
22 46
30 52
14 72
72 92
29 97
17 87
49 83
48 69
64 64
58 65
7 88
26 81
13 31
60 91
12 88
24 65
34 88
32 99
15 58
1 4
54 99
46 52
12 83
32 59
31 54
5 43
70 91
27 61
12 85
63 95
30 84
42 81
96 96
20 47
12 75
24 81
87 91
63 74
57 62
20 85
3 93
57 76
32 64
22 56
6 69
52 97
27 39
1 8
48 67
29 100
64 74
24 25
16 95
65 70
24 79
9 42
63 83
25 100
11 57
32 87
28 30
5 46
28 57
39 79
4 7
9 46
16 98
41 41
32 94
17 22
79 93
18 20
25 63
14 50
21 32
20 97
6 16
46 100
77 87
39 58
53 79
59 87
38 70
7 21
56 79
33 44
5 73
55 75
5 35
8 40
7 37
30 62
12 92
1 72
52 54
14 64
38 41
40 94
17 30
79 99
80 86
15 78
20 63
45 65
50 97
45 97
7 64
27 69
30 65
22 89
18 49
13 39
33 68
17 91
34 38
57 95
15 88
60 98
82 99
21 30
26 33
8 26
9 94
62 75
31 98
20 60
81 94
36 40
76 98
9 80
57 75
91 95
53 99
27 75
50 77
31 78
50 95
76 82
24 53
11 90
5 52
76 92
6 12
19 98
96 100
11 30
14 47
28 52
64 81
16 38
2 86
20 46
66 76
44 83
41 44
12 48
28 63
59 68
29 39
19 48
53 85
60 66
38 57
13 82
17 57
33 34
5 91
4 36
10 51
21 34
49 76
38 90
27 28
18 31
60 68
49 86
72 99
5 21
15 28
75 87
18 29
77 97
73 96
25 47
42 44
25 38
84 97
28 93
19 31
3 88
23 93
31 50
61 69
49 57
25 30
23 29
30 32
12 90
13 42
19 78
5 80
3 39
41 70
39 75
52 56
30 67
6 42
22 90
36 62
8 85
59 60
51 56
7 22
35 58
72 73
21 68
11 78
65 73
32 60
54 65
16 68
30 35
4 58
64 95
18 83
46 85
37 89
6 98
43 54
2 90
54 92
10 97
21 38
43 55
11 84
39 72
55 82
40 65
40 96
15 90
73 77
9 25
25 84
16 100
13 27
32 42
19 30
40 53
55 66
57 89
38 56
11 65
23 75
3 78
89 94
16 25
33 61
41 54
10 46
37 42
5 40
64 85
28 91
75 90
52 71
5 7
31 58
11 97
12 55
27 57
44 75
17 90
13 99
29 90
9 72
30 53
17 92
25 71
75 94
17 50
66 98
16 28
25 86
28 75
56 83
61 71
24 26
20 67
5 18
10 88
79 100
69 88
1 85
40 40
56 74
78 87
50 91
11 86
23 91
56 90
63 87
7 14
16 73
17 25
92 93
64 76
39 70
94 97
2 27
59 88
56 66
13 30
2 57
11 21
39 98
11 62
1 68
4 47
31 64
42 94
3 96
80 95
35 93
1 35
34 67
41 87
15 29
18 44
1 51
3 86
35 85
59 98
23 52
4 87
39 71
23 39
10 45
15 20
8 89
34 81
26 36
73 98
33 67
85 95
9 55
32 51
38 60
43 51
17 64
33 59
6 68
70 84
14 38
1 58
18 28
81 92
30 72
11 20
26 55
27 77
5 29
46 87
60 65
66 83
7 9
2 44
11 53
17 58
55 68
21 61
74 75
5 32
44 100
3 60
31 37
34 57
59 73
4 19
24 82
53 95
21 66
30 88
94 99
55 79
44 92
45 89
18 55
41 77
15 34
56 78
84 91
32 84
53 96
29 57
24 33
78 95
6 78
25 45
56 56
23 69
33 39
18 66
21 82
65 93
23 70
47 90
85 99
39 64
2 77
42 43
44 47
84 98
12 99
53 86
52 75
24 40
24 38
24 88
7 75
87 89
59 64
21 23
22 80
19 41
4 75
3 94
40 58
71 76
19 29
11 88
63 77
45 68
25 62
7 98
28 46
36 98
65 94
38 77
20 21
10 83
63 91
36 92
48 93
21 42
36 48
55 86
10 96
33 37
22 26
31 94
73 100
43 50
39 94
1 7
56 96
29 70
21 86
6 6
24 30
30 49
10 59
44 51
3 35
25 90
52 67
66 71
19 83
12 68
85 89
26 93
37 37
57 85
6 60
40 70
15 62
53 58
30 99
83 98
21 53
26 76
29 87
66 100
12 71
6 33
32 78
16 61
65 68
9 61
37 63
51 94
86 92
3 50
31 66
15 92
53 56
7 95
84 99
20 91
62 66
7 36
37 83
38 38
44 64
29 45
41 60
40 42
28 56
28 35
16 45
72 95
77 80
49 89
18 39
52 88
63 73
21 94
32 48
47 74
47 88
24 91
33 78
20 90
14 49
58 80
17 82
46 65
10 61
34 94
88 99
40 90
36 46
61 80
58 93
83 97
46 55
9 33
43 81
9 71
7 70
37 99
54 54
44 90
26 78
81 88
19 95
67 84
9 97
2 34
7 32
52 86
14 89
6 10
18 24
32 72
18 40
10 100
56 82
32 36
6 76
9 13
53 76
49 82
12 51
21 81
49 93
31 41
69 79
50 93
11 45
8 43
31 99
43 59
5 11
61 65
43 92
2 93
78 82
3 56
61 70
51 53
38 50
53 61
18 67
14 74
8 96
53 81
44 89
16 88
75 83
22 47
2 41
57 60
9 15
8 44
94 96
75 75
77 84
27 58
44 52
88 90
43 98
1 57
53 77
12 38
35 68
3 41
78 96
21 41
39 59
32 74
3 84
11 44
71 79
66 89
9 29
38 55
72 87
100 100
46 94
78 85
69 86
3 46
33 66
75 88
33 50
57 100
61 91
22 68
78 81
36 57
24 42
30 69
29 98
67 74
36 44
34 75
10 37
25 77
38 73
41 92
66 69
40 71
86 100
1 18
3 67
67 89
55 63
12 26
51 80
60 74
37 65
41 62
14 73
57 72
8 19
4 39
40 61
61 96
58 64
51 59
44 53
45 84
14 68
35 76
37 59
33 82
17 43
48 75
29 78
21 71
24 87
16 87
33 79
77 99
54 61
59 79
83 91
42 57
28 98
24 89
13 76
37 52
66 77
26 80
2 31
34 39
61 100
72 84
14 77
31 92
40 41
74 78
28 67
16 86
79 92
16 51
68 70
34 71
12 50
60 96
97 99
29 75
16 20
47 69
54 74
44 46
4 71
20 66
19 36
14 32
46 61
47 91
52 89
7 15
5 24
10 10
6 88
24 45
1 97
2 8
41 80
13 48
19 27
76 97
5 89
85 96
76 100
56 100
44 91
38 80
77 92
73 89
15 37
32 92
77 90
43 62
49 79
17 79
12 64
7 85
14 52
3 17
62 90
12 25
67 72
47 80
54 59
8 83
37 90
11 43
91 100
88 96
62 65
21 80
14 15
57 90
9 48
11 83
44 50
33 90
8 61
46 73
16 27
8 54
48 91
2 99
35 71
25 51
52 99
58 72
2 78
14 97
34 72
51 100
20 78
78 92
46 79
10 89
56 62
5 48
23 55
14 20
5 68
12 43
33 93
4 97
15 83
31 79
47 54
65 74
31 89
11 67
22 33
16 90
36 70
24 95
32 45
59 85
7 27
89 100
7 93
7 66
3 59
1 44
57 91
53 64
52 65
79 85
53 80
26 64
33 57
44 69
14 65
34 68
36 42
18 76
5 70
6 48
43 49
75 99
30 71
7 7
67 73
84 89
28 88
62 93
1 56
5 100
17 67
39 62
70 72
76 85
22 92
59 91
25 72
15 86
54 63
40 80
29 60
42 47
51 62
23 42
31 55
4 30
18 88
35 54
27 59
90 96
10 67
36 82
1 16
82 98
49 56
39 86
60 71
32 75
52 63
76 88
23 64
11 42
86 89
57 81
27 54
88 100
10 24
10 54
32 88
12 46
92 98
46 88
5 96
36 73
9 32
39 52
38 65
29 30
65 83
77 88
28 82
15 75
1 50
23 37
60 63
59 65
7 51
60 85
27 74
36 76
31 84
30 82
31 56
67 85
33 49
14 70
3 53
11 69
35 73
32 79
10 48
57 66
47 70
31 34
49 49
69 94
9 35
27 90
5 41
26 88
31 100
12 47
17 93
17 96
17 24
84 100
1 5
37 56
54 87
3 61
17 39
50 80
44 94
39 100
62 82
4 26
23 90
82 86
30 90
20 44
30 92
40 46
20 38
16 16
45 93
31 44
29 58
22 74
82 87
42 49
22 95
28 40
75 85
15 81
58 88
8 36
39 53
59 81
1 49
72 98
55 72
1 53
38 98
4 14
58 60
6 22
19 47
87 99
69 76
70 94
19 82
25 37
59 86
21 29
41 55
45 55
45 83
50 89
70 85
2 95
32 77
61 95
77 81
25 67
17 69
45 69
19 57
18 46
1 43
22 67
36 89
7 40
17 51
41 93
28 58
15 93
3 85
30 96
17 52
31 96
51 67
77 82
16 40
41 84
16 57
14 58
12 94
13 43
79 97
46 71
6 87
12 31
32 65
4 10
2 2
2 91
7 35
43 94
23 87
61 73
54 83
63 88
31 73
4 79
12 96
1 12
2 30
13 36
82 94
63 64
28 36
14 82
57 65
49 77
54 57
74 86
9 81
23 40
24 28
8 51
18 65
4 88
57 92
31 40
60 100
65 77
9 67
19 33
7 20
60 80
62 91
2 46
57 73
10 27
4 99
12 14
47 50
68 76
23 57
37 57
25 33
8 56
6 66
54 66
1 91
17 42
8 81
39 51
19 85
68 71
16 76
80 87
61 97
8 48
32 67
2 26
59 83
43 96
16 53
34 84
29 36
62 98
72 86
17 65
64 66
58 74
65 86
9 23
8 99
4 63
78 97
26 95
54 98
50 57
26 45
18 56
11 94
15 30
73 93
30 57
6 14
9 43
16 74
71 99
21 78
2 71
14 31
14 14
1 93
78 83
71 82
8 77
5 14
56 85
27 31
38 61
47 94
4 76
74 74
33 72
2 100
12 33
47 100
1 52
56 94
26 35
50 76
38 76
39 55
88 89
30 33
15 71
4 85
29 29
82 96
15 87
27 46
71 91
2 79
15 53
13 92
11 93
45 87
14 91
35 94
16 63
5 53
13 72
7 61
28 29
1 63
1 45
60 78
51 81
3 12
27 47
12 30
65 78
3 33
83 85
26 47
89 98
55 95
1 31
37 86
46 49
1 34
58 84
17 47
37 66
35 82
29 48
45 58
9 83
45 85
25 41
31 77
3 95
25 57
7 13
62 92
16 65
19 91
15 47
5 57
34 99
93 100
76 80
14 80
7 50
32 68
12 80
35 48
3 77
20 68
69 96
45 62
18 95
37 87
80 92
86 99
51 97
20 42
25 49
44 61
12 56
23 84
61 98
15 91
62 81
72 100
27 48
11 96
6 65
3 4
23 73
55 80
54 95
10 15
27 93
35 53
51 60
57 80
19 93
5 76
4 11
57 98
37 40
58 81
49 75
10 11
4 27
43 63
10 33
1 74
8 97
59 59
72 79
95 97
17 56
68 92
41 76
90 98
2 53
52 81
48 72
32 43
17 85
10 81
63 85
64 69
74 80
18 53
11 52
16 30
16 56
99 99
23 65
8 90
33 55
91 91
2 51
50 64
79 98
19 53
43 47
58 94
45 57
47 49
41 78
78 78
86 95
41 49
34 60
11 38
18 43
81 96
3 45
46 54
2 49
35 87
45 82
83 89
32 90
75 89
16 29
85 88
36 93
79 80
28 83
57 58
45 61
21 64
24 27
10 26
41 69
48 52
14 54
45 48
23 50
39 45
80 88
48 90
34 46
7 72
47 56
27 91
65 67
17 78
69 78
20 61
34 92
15 84
56 93
50 96
3 14
44 88
77 95
82 88
7 67
75 78
4 94
20 58
98 99
15 19
62 70
11 72
4 38
59 61
31 53
61 81
22 97
23 94
25 65
6 37
77 91
53 82
6 36
11 34
65 95
8 84
80 85
27 35
9 38
45 53
46 82
38 94
12 45
30 80
2 62
54 78
40 83
8 82
19 60
34 47
15 72
8 88
20 77
17 86
24 24
86 88
44 45
13 68
33 85
66 70
51 92
64 71
13 94
93 93
15 22
18 87
34 53
87 87
44 57
27 80
37 46
23 26
73 76
22 42
24 99
79 84
1 62
45 54
50 94
22 53
35 51
67 77
26 37
13 24
36 60
29 76
56 84
17 100
46 78
19 26
44 95
7 17
24 48
64 72
40 66
2 28
16 42
61 92
22 49
9 100
47 79
14 99
4 55
40 64
42 42
10 13
70 97
6 46
50 83
15 45
6 45
48 99
66 88
16 62
22 54
8 9
29 31
96 98
43 100
7 83
9 19
56 89
47 87
51 68
30 87
13 21
3 29
49 73
25 28
16 37
34 82
47 57
2 50
29 42
17 60
79 95
1 88
1 83
65 92
18 68
11 92
14 67
32 32
31 68
77 96
6 32
32 35
37 58
64 79
6 25
79 94
28 47
69 93
5 38
38 87
42 70
4 65
20 75
26 42
26 69
7 76
20 34
21 22
53 88
61 77
48 77
85 91
32 85
27 88
35 100
28 95
60 73
45 94
47 51
30 75
42 61
5 92
17 40
42 74
81 85
21 72
85 93
2 98
65 66
36 68
6 40
21 40
35 60
5 26
23 95
77 89
32 54
3 7
30 83
43 69
43 78
85 90
19 34
20 26
48 60
3 76
39 68
50 69
61 84
38 51
29 79
18 97
41 74
34 98
51 58
35 43
32 96
24 63
19 76
52 53
69 72
74 95
17 75
26 62
34 90
27 30
8 21
64 67
6 58
9 58
36 39
4 46
87 92
23 59
40 89
1 60
6 59
3 8
4 60
54 68
13 70
35 44
37 43
59 74
94 95
6 74
39 92
36 64
25 73
5 36
6 49
15 32
49 63
18 93
47 58
40 68
41 63
22 37
11 81
23 43
9 69
17 97
44 93
10 47
8 20
10 68
47 97
28 90
18 82
76 94
41 96
70 83
22 83
49 66
40 99
76 83
24 52
62 79
29 77
14 16
2 75
15 25
37 91
38 58
18 23
45 76
25 59
13 61
11 39
67 81
59 84
11 50
39 50
13 95
79 87
12 77
89 99
71 74
21 44
89 93
27 32
68 77
28 38
6 97
2 38
11 73
39 40
21 79
4 73
1 94
4 69
46 62
9 95
50 87
15 38
73 78
7 25
4 17
25 66
54 60
65 85
51 76
21 31
17 89
66 68
91 97
43 74
66 92
43 68
19 55
29 61
35 88
16 72
58 62
14 42
7 84
24 44
37 72
10 79
48 89
2 61
36 85
59 71
37 53
42 66
87 94
3 91
15 66
18 45
34 76
18 62
35 98
9 53
39 65
27 99
47 72
64 86
15 59
46 83
34 89
52 91
26 71
6 83
5 78
35 91
56 71
1 10
32 47
23 72
94 100
15 17
33 76
82 97
32 61
19 80
14 53
44 79
51 69
73 75
3 23
56 60
20 79
70 70
11 56
38 49
80 93
55 92
49 85
11 12
5 9
23 96
21 37
2 11
29 63
58 66
30 44
31 60
45 49
1 2
20 22
2 6
41 48
73 74
15 49
26 65
31 51
33 81
23 78
46 48
29 85
35 77
3 66
25 92
11 61
6 34
6 11
57 69
56 88
44 98
3 89
47 47
6 18
68 84
26 97
68 96
42 72
47 71
32 56
7 18
50 75
99 100
45 88
15 51
49 78
39 60
39 84
28 92
56 76
18 58
3 31
62 74
64 65
19 19
3 82
7 77
15 21
19 84
70 95
13 19
14 90
47 66
40 49
80 83
14 25
41 73
71 95
25 74
74 90
7 90
23 35
10 34
14 37
24 66
87 95
9 39
9 26
29 38
21 89
29 55
40 79
58 61
6 90
82 83
44 70
17 19
11 46
31 36
39 39
35 61
17 54
4 18
9 28
78 88
35 79
52 98
37 60
16 75
21 100
35 59
60 69
82 84
68 85
24 47
45 64
55 87
11 82
7 45
8 78
39 97
51 51
49 52
3 65
3 3
27 82
19 35
74 93
60 81
24 93
38 97
21 52
39 74
27 37
26 34
28 32
11 27
23 63
49 58
14 43
55 96
31 45
18 77
77 83
28 51
3 75
46 53
66 79
17 35
9 50
26 90
53 71
44 96
40 84
36 95
43 58
13 66
44 71
37 82
47 60
40 76
12 81
8 15
89 95
11 47
31 76
26 52
15 43
62 73
28 55
27 98
32 49
61 63
69 97
51 78
31 31
4 12
70 82
26 94
5 77
19 51
85 100
71 92
42 77
35 56
21 21
14 57
88 92
15 18
37 47
44 87
1 47
91 92
69 95
45 71
43 64
7 24
28 100
28 37
3 57
7 31
45 67
57 94
20 23
47 53
28 86
52 85
27 85
20 86
69 91
36 49
28 71
47 75
5 60
3 36
34 48
11 89
39 63
32 95
31 52
19 99
22 77
24 92
13 47
55 93
14 34
38 39
73 86
22 58
39 73
57 59
50 65
35 57
11 85
49 54
55 62
84 87
52 100
24 43
26 59
54 64
4 51
8 14
61 93
33 75
33 56
76 89
26 98
16 85
11 33
14 79
6 27
4 77
19 70
72 97
37 50
39 91
27 84
9 82
67 99
28 42
67 93
46 59
3 83
9 30
55 91
66 82
32 41
71 81
19 21
22 40
8 11
7 19
12 61
33 92
44 76
53 68
19 40
43 93
4 82
10 12
4 84
13 14
1 87
96 99
50 68
17 81
31 32
53 84
13 97
16 46
16 91
17 71
10 50
45 96
55 97
48 81
67 71
16 33
22 50
73 83
47 99
20 31
6 51
21 48
13 80
66 81
48 55
22 82
5 10
68 94
74 94
19 54
1 26
3 100
71 87
29 33
42 83
14 35
23 53
27 100
43 90
79 88
13 16
30 46
9 45
76 81
5 59
80 90
5 87
63 72
69 84
48 54
11 87
28 41
46 50
17 98
60 77
25 34
12 17
12 70
29 91
23 92
49 50
12 78
54 88
30 55
10 23
29 52
2 88
58 82
22 72
23 34
8 25
45 95
87 93
17 32
57 61
41 65
62 100
48 95
11 55
2 68
15 70
1 33
48 79
48 74
37 71
14 48
2 64
24 35
61 62
3 80
5 85
12 87
9 59
24 85
22 91
13 51
12 52
60 79
9 78
71 89
14 76
86 97
69 85
19 77
53 78
68 78
10 65
27 50
2 83
26 63
88 93
12 73
9 31
52 83
5 98
83 83
15 40
87 88
8 94
32 83
47 65
35 97
47 83
40 69
13 23
10 78
28 33
4 74
26 66
26 31
2 13
16 59
63 70
19 94
24 55
6 100
36 77
51 95
14 26
50 72
25 35
71 100
26 70
46 91
52 74
22 36
4 54
15 36
55 70
59 62
32 81
60 70
27 83
75 98
35 67
29 50
49 99
60 93
54 91
12 13
59 94
4 9
3 21
41 47
3 47
41 88
15 98
63 75
53 65
7 44
40 93
8 8
4 80
21 56
47 89
75 86
14 24
10 85
20 94
66 91
40 47
7 46
95 95
67 90
73 82
48 80
69 69
52 79
32 82
92 99
45 77
52 73
54 58
25 26
12 67
22 62
54 71
48 92
49 92
25 98
45 46
41 51
77 78
23 81
4 28
30 36
27 62
81 91
65 65
40 44
11 59
11 41
69 73
22 60
4 61
72 76
24 75
43 43
63 84
2 69
7 99
53 87
43 65
30 38
24 69
61 99
22 30
21 96
26 83
43 88
31 88
25 87
59 78
62 96
8 92
55 69
72 93
34 34
40 98
2 29
10 58
18 18
5 33
16 81
41 56
16 92
43 76
43 44
85 94
22 23
48 84
19 49
66 90
84 96
54 77
27 71
18 75
17 49
88 88
8 50
16 50
26 53
2 42
61 76
49 90
70 98
9 70
50 51
47 76
13 55
82 100
4 45
28 43
58 100
42 90
40 60
30 58
10 43
20 30
89 96
61 90
16 84
14 93
97 98
7 80
59 80
28 73
66 94
5 5
18 79
44 80
95 100
8 18
29 89
62 64
76 99
2 33
38 43
11 28
12 76
28 60
60 75
58 63
9 93
31 38
50 98
68 87
80 80
30 51
71 78
63 79
6 67
31 62
69 100
64 99
63 86
2 70
70 79
27 44
40 97
80 96
60 99
12 40
44 54
34 79
30 48
48 58
41 86
72 89
27 67
60 61
17 20
58 97
14 23
8 42
7 42
32 46
1 71
39 76
10 86
9 54
50 70
33 45
4 40
18 61
47 92
25 60
37 45
43 72
2 96
7 79
35 89
15 31
31 95
67 86
4 100
22 86
32 93
25 56
57 67
4 24
8 30
80 84
1 25
79 89
36 66
31 49
3 26
54 62
29 96
10 99
19 38
64 84
24 54
1 66
51 87
28 97
73 90
12 32
10 94
20 50
58 87
75 84
8 32
91 98
19 73
76 86
13 26
8 46
21 91
32 58
14 30
6 77
41 57
40 85
14 41
8 29
19 86
19 87
27 49
60 67
7 65
71 96
68 97
6 15
32 89
22 61
48 86
40 100
13 100
18 69
33 64
21 50
80 81
26 41
6 31
5 65
33 48
6 82
31 59
23 49
34 69
2 97
41 95
22 41
1 69
63 63
13 29
76 84
16 49
49 87
7 68
26 92
27 65
6 54
1 92
5 72
23 66
18 30
29 34
14 28
2 48
19 28
25 81
6 85
21 87
62 71
29 47
4 5
36 69
63 80
12 84
56 80
22 39
75 76
12 28
57 78
9 17
71 80
38 67
47 63
3 28
50 71
23 32
55 65
5 16
65 84
3 74
42 67
56 68
11 36
8 91
4 67
4 44
66 84
7 100
51 52
43 46
52 52
59 70
41 71
53 91
60 97
19 65
6 95
26 44
2 89
26 72
44 72
9 12
62 88
22 24
7 38
17 28
22 52
2 15
37 49
70 88
33 73
3 49
25 82
53 92
13 73
26 58
4 13
36 96
26 87
3 81
59 82
36 58
58 70
61 82
38 71
38 100
4 89
78 94
10 28
28 28
55 81
33 83
53 60
33 52
20 87
61 86
10 62
26 48
40 92
20 24
20 93
9 34
43 91
21 55
50 82
26 46
35 66
6 70
18 98
13 40
88 95
35 55
42 52
25 85
34 63
26 75
16 41
17 27
80 99
30 63
12 66
4 96
34 51
14 33
43 97
50 66
6 26
78 91
23 77
36 87
28 76
2 72
36 84
26 86
4 66
82 93
15 97
44 60
19 66
17 31
13 57
13 49
1 36
1 98
48 56
8 41
9 87
37 51
12 27
8 49
2 56
56 92
46 74
14 59
71 98
16 34
25 52
84 86
21 76
39 95
78 90
44 59
8 34
42 87
36 55
40 57
10 32
24 57
17 62
10 14
29 56
54 96
42 95
3 15
24 84
7 81
47 93
60 86
13 41
43 45
12 62
16 79
38 78
8 22
23 99
26 39
90 93
49 98
64 98
6 47
10 69
66 67
11 35
24 64
2 80
8 47
12 57
42 68
57 97
19 56
26 40
83 84
20 35
6 17
8 59
43 82
70 100
16 77
30 98
56 86
20 53
12 23
84 92
5 44
14 75
50 99
79 81
14 56
76 78
18 92
4 81
21 90
6 79
39 96
8 86
16 31
6 61
23 67
20 95
8 73
88 94
22 27
4 56
15 16
32 62
40 50
51 98
17 38
48 78
15 64
22 55
37 48
70 99
65 81
50 58
48 85
40 54
15 56
22 45
24 49
65 97
6 55
10 80
3 44
1 95
18 89
18 25
57 63
17 29
55 76
11 74
46 70
27 66
40 86
39 83
63 66
16 97
77 86
94 94
50 73
34 86
2 9
16 44
25 40
19 90
50 86
54 86
31 85
18 48
35 92
7 48
37 44
68 80
69 75
43 70
62 68
28 48
39 41
90 95
36 53
20 57
33 42
41 58
13 52
40 75
17 95
8 87
29 84
93 97
36 56
47 78
6 64
45 91
20 89
2 52
33 54
15 95
13 18
56 95
54 73
16 21
65 76
22 28
36 54
4 64
21 69
24 94
15 15
11 26
40 74
73 99
14 95
55 84
31 90
19 100
4 90
43 99
21 67
13 62
62 99
55 57
71 75
1 22
38 45
68 75
67 96
30 50
46 98
56 99
23 33
32 73
6 93
26 50
53 94
32 66
16 89
58 78
39 47
13 79
37 61
25 39
18 38
62 72
44 82
53 63
2 18
17 72
18 84
46 95
69 77
16 58
29 73
30 47
28 61
20 56
7 92
22 59
22 43
47 96
66 99
8 100
24 80
29 44
23 48
18 96
86 94
12 79
77 77
51 64
60 83
53 89
50 90
73 85
6 52
51 77
55 74
74 99
63 89
6 53
19 71
35 96
16 39
5 51
30 56
14 81
18 59
27 52
75 96
21 33
33 96
41 66
7 74
23 82
47 52
32 40
24 67
6 50
35 47
61 67
77 100
57 83
22 57
17 76
36 65
25 61
51 89
38 63
46 67
18 37
53 70
27 55
39 61
16 80
73 73
31 47
46 47
83 92
34 66
74 87
10 66
59 92
48 57
62 76
60 92
85 87
68 81
42 56
87 98
10 39
38 59
5 49
27 64
42 97
97 97
21 28
37 94
15 76
2 32
41 46
27 97
62 86
17 68
2 22
69 98
62 87
49 68
25 99
21 99
34 70
38 85
8 45
11 100
45 72
42 84
84 93
11 54
8 69
35 95
9 11
49 80
15 94
52 80
60 82
38 81
15 50
41 99
51 93
34 42
30 43
36 72
29 93
86 93
42 92
21 58
19 52
69 89
29 95
4 21
66 95
22 84
73 81
7 78
29 49
7 28
53 93
5 71
11 80
2 36
25 96
58 99
15 96
97 100
22 70
1 86
5 66
6 20
93 95
28 49
35 49
64 73
32 100
18 63
17 44
23 38
53 53
42 98
39 56
9 56
32 39
17 45
33 98
18 22
55 89
1 96
27 34
61 85
33 80
9 62
84 84
67 69
19 58
55 59
42 80
64 70
38 54
35 65
1 54
36 61
43 79
7 59
51 70
57 99
72 85
19 46
9 24
52 72
9 84
55 100
30 76
21 27
7 69
38 48
44 49
89 97
86 91
3 90
56 87
30 31
2 84
32 50
71 88
90 92
9 40
39 44
30 41
54 81
33 43
50 67
19 75
42 86
29 40
70 96
7 86
53 72
72 75
7 26
40 45
9 63
3 37
19 67
51 91
26 60
74 79
35 36
25 32
33 65
46 46
63 96
40 78
24 29
71 86
86 90
50 55
6 28
8 68
27 43
44 84
10 16
74 82
24 77
40 56
55 90
48 49
16 17
64 100
8 24
68 93
3 27
28 99
25 54
7 89
1 3
23 27
2 12
38 62
27 70
52 61
20 65
3 20
81 87
5 62
9 41
19 59
45 47
37 54
33 41
58 79
55 77
12 21
37 85
37 96
22 78
87 97
83 95
46 89
15 48
24 34
57 71
37 64
13 13
38 82
50 84
49 60
23 23
27 68
53 69
50 74
6 96
37 88
48 100
19 79
15 23
35 90
37 80
21 95
7 96
14 44
24 70
12 98
4 50
26 91
6 89
39 54
9 77
17 41
36 75
20 100
77 94
43 85
64 89
54 80
8 75
58 73
24 86
37 78
25 64
76 96
16 32
30 89
34 58
37 74
25 83
45 45
59 93
10 98
30 93
63 65
42 73
4 4
27 95
23 58
1 27
44 97
62 83
27 87
44 48
16 55
13 58
34 73
2 63
29 66
11 14
12 95
4 23
20 25
59 67
23 83
42 85
24 76
14 36
43 71
31 65
6 21
82 89
49 71
27 92
59 96
21 74
15 77
28 85
65 96
43 87
46 86
72 77
33 71
11 66
22 99
12 20
11 68
92 100
4 8
6 43
52 64
53 97
66 80
4 29
2 58
32 70
17 55
3 24
35 50
31 42
19 62
5 82
5 19
55 78
55 94
15 42
25 42
8 23
68 91
64 82
6 91
2 92
41 100
11 63
18 85
59 66
19 72
12 16
10 76
9 85
49 55
19 22
12 91
9 51
53 57
33 35
88 97
46 90
90 99
74 81
95 98
21 65
17 34
7 29
29 72
9 36
43 77
48 65
24 56
25 69
40 72
33 87
3 11
81 93
54 67
60 89
28 69
20 92
64 75
28 50
18 86
34 41
20 20
21 70
75 80
14 83
50 52
19 43
40 62
72 88
63 76
43 60
14 62
37 55
66 85
20 40
44 68
1 65
7 56
30 60
4 78
90 91
72 80
9 44
65 98
61 89
73 97
7 41
70 93
84 85
10 70
33 36
27 78
10 91
11 13
50 78
6 8
66 86
10 71
57 88
4 68
58 95
7 57
67 83
74 91
60 72
95 96
5 69
2 55
22 96
8 52
7 52
15 73
22 25
64 77
19 68
6 62
4 72
68 88
43 73
8 31
20 33
2 66
20 83
74 77
49 95
3 68
79 83
7 60
10 82
81 89
50 59
61 68
5 6
20 70
19 92
53 90
59 72
25 25
6 84
37 68
13 35
3 19
1 41
9 74
70 76
5 31
87 100
38 46
16 70
37 67
10 49
5 13
95 99
70 81
1 46
10 40
57 96
5 39
30 94
14 87
46 75
15 63
88 91
15 69
4 33
45 92
5 28
15 52
8 53
67 95
14 85
42 45
90 97
15 89
74 88
44 56
46 84
10 64
29 88
31 97
7 62
36 74
4 25
17 88
23 45
1 39
28 45
16 67
24 37
49 69
42 59
12 63
22 51
71 90
13 53
66 66
6 41
51 72
73 92
12 41
15 55
3 51
23 62
36 41
36 86
10 87
34 37
42 100
71 77
43 83
29 69
8 12
1 9
31 69
5 83
8 17
13 71
18 81
7 43
28 77
51 61
30 40
29 65
20 32
1 15
6 81
50 62
26 99
18 34
61 64
41 67
34 54
52 90
59 99
23 44
35 42
82 85
53 59
6 35
42 93
12 37
41 75
26 74
42 60
28 66
51 75
40 43
52 77
55 61
25 93
25 88
26 77
30 81
14 66
48 71
35 39
38 64
52 95
78 80
75 100
58 75
72 81
45 70
11 79
44 44
19 88
41 72
14 78
42 53
43 75
74 96
29 81
56 97
13 96
5 55
49 67
42 88
35 52
48 59
52 94
28 65
4 34
10 52
6 99
21 83
36 97
20 99
26 67
41 53
68 89
36 78
48 51
18 80
45 73
60 90
65 72
70 89
24 73
46 93
23 46
47 68
59 69
9 79
55 67
48 48
37 100
68 82
7 12
63 92
31 86
37 97
55 83
11 95
56 81
18 19
25 75
24 68
28 87
36 36
7 73
18 42
93 94
57 77
40 48
40 73
23 98
71 83
20 29
17 74
1 37
16 18
80 94
33 69
80 82
17 26
1 55
43 80
92 95
5 64
51 73
52 96
87 96
66 74
13 78
27 41
25 50
79 90
10 31
11 32
5 50
47 55
50 85
59 63
52 69
76 90
34 36
35 81
23 68
24 60
11 98
30 73
69 80
20 71
69 90
11 29
47 62
73 79
20 55
35 38
42 89
72 90
41 68
9 21
28 59
70 86
38 89
24 98
44 66
30 39
68 86
42 65
37 98
18 41
75 95
21 25
15 65
3 97
59 75
59 76
54 82
11 77
16 48
24 83
31 57
7 87
13 25
65 79
67 67
46 68
14 96
10 36
4 15
1 20
12 12
57 84
4 92
81 90
85 97
29 53
51 85
31 35
92 94
46 97
43 48
10 53
18 74
10 75
21 98
72 72
24 96
19 24
13 81
6 39
29 41
7 55
8 16
34 65
51 65
16 94
32 63
26 79
9 76
56 61
28 68
33 51
78 86
73 84
67 98
24 78
31 74
52 87
83 96
81 82
68 73
3 48
64 80
2 67
15 99
63 100
52 57
16 54
18 91
38 47
13 38
57 86
24 62
24 72
43 84
26 61
41 59
33 33
28 39
5 97
41 79
27 86
49 51
32 91
48 96
26 38
1 89
13 65
27 56
33 97
38 88
42 69
9 99
34 45
28 44
8 33
23 28
28 64
7 47
39 66
13 20
68 100
55 71
23 80
23 30
11 24
54 55
50 53
40 91
43 66
19 32
38 92
27 29
38 44
20 62
6 29
14 84
45 56
2 19
8 58
83 86
17 66
15 67
45 51
36 45
70 80
26 51
12 36
2 4
11 19
71 93
43 52
5 42
63 93
27 73
30 54
34 50
34 44
1 82
52 59
4 49
17 63
79 91
33 94
38 74
54 97
36 50
48 63
59 90
14 45
37 76
8 64
9 47
48 61
62 95
6 23
36 43
45 74
1 80
5 20
40 67
4 83
49 88
24 61
22 34
64 93
27 33
11 48
1 99
13 44
46 76
81 95
85 85
21 24
18 32
86 98
35 45
4 59
55 85
5 61
23 60
23 76
21 59
35 74
83 94
25 53
75 92
21 93
73 94
41 42
1 90
19 37
20 48
1 21
4 37
40 55
21 45
37 39
26 100
29 32
34 77
56 64
78 93
30 78
30 97
17 53
54 100
34 80
4 31
3 5
72 96
12 54
36 51
21 57
1 14
93 98
9 60
70 92
83 99
63 67
7 91
89 91
33 89
34 78
20 64
5 25
60 87
67 100
25 58
15 39
17 48
42 71
13 15
33 40
74 100
5 47
20 84
49 100
53 66
24 32
7 8
22 85
6 57
35 72
79 86
93 96
21 49
8 66
56 67
37 93
40 77
36 81
13 60
38 72
17 59
7 82
22 98
50 92
68 90
22 22
8 70
2 21
17 18
59 89
68 72
5 81
57 79
91 96
34 64
6 71
20 51
54 70
32 57
37 95
22 94
13 46
86 96
64 91
32 76
28 80
13 32
58 69
15 60
38 83
5 12
9 37
2 74
22 75
18 54
23 97
80 98
32 52
51 71
41 98
38 66
42 78
9 96
7 11
40 88
15 54
3 43
48 66
23 51
3 63
73 87
7 71
33 74
63 68
16 23
38 40
15 57
24 59
11 58
34 100
12 19
27 45
15 74
11 99
32 33
56 58
46 72
23 31
19 63
46 77
55 58
12 24
7 39
46 64
2 54
9 65
71 71
30 86
17 83
13 87
38 84
26 68
1 32
69 87
24 74
58 92
33 53
12 34
72 82
73 80
2 65
39 46
11 37
81 100
34 85
35 69
6 56
31 87
69 70
47 48
10 22
92 92
58 98
34 35
73 95
23 86
4 57
27 27
28 79
6 75
48 98
76 91
1 70
13 75
10 44
5 88
78 100
17 70
20 36
21 73
55 98
75 79
37 70
1 64
71 73
1 81
67 78
49 65
74 92
11 91
20 43
19 23
29 67
64 92
20 73
38 96
4 32
10 60
68 68
49 59
32 80
81 83
9 16
29 46
24 31
83 87
6 19
8 63
2 39
3 73
64 94
75 82
20 45
11 16
13 86
22 29
2 76
14 17
4 20
76 79
15 100
62 78
35 37
41 83
5 99
6 73
40 95
37 75
58 89
12 100
16 99
7 49
37 92
19 81
8 80
9 89
9 22
39 93
27 36
18 72
21 54
4 22
82 91
74 83
41 94
2 81
34 40
37 73
32 71
57 82
25 89
7 33
49 81
29 64
40 87
30 91
22 79
46 92
35 41
3 18
13 85
42 82
22 73
28 74
67 79
58 77
8 93
2 59
36 90
36 83
80 89
56 70
36 37
1 67
40 51
65 75
3 92
39 85
10 17
71 84
54 69
62 94
25 31
12 49
5 54
72 91
78 79
89 90
48 53
52 58
3 69
13 50
90 90
40 81
5 95
14 88
38 79
12 59
33 46
26 28
30 64
34 96
2 25
14 22
61 83
22 63
22 65
36 59
18 27
3 55
65 69
7 10
8 55
11 60
4 52
14 40
58 71
47 98
34 91
5 63
74 98
14 71
44 99
16 19
60 84
63 78
42 79
70 73
69 74
10 19
61 74
51 96
63 71
3 22
22 93
4 62
62 84
50 56
42 62
20 96
63 90
65 71
62 89
47 84
2 17
14 51
86 86
75 81
26 43
11 49
12 15
7 16
14 55
27 53
61 87
34 83
35 78
20 98
12 72
9 27
1 76
29 35
5 22
86 87
16 47
92 97
76 76
8 28
14 19
19 96
51 74
33 86
83 88
57 68
52 84
2 82
31 81
49 70
60 76
44 81
91 94
10 25
66 87
7 63
30 37
49 64
50 54
7 54
18 99
17 99
40 82
31 43
29 51
9 18
37 38
72 78
47 64
25 95
11 23
28 89
24 41
35 99
1 77
17 36
38 95
62 77
19 61
36 91
1 24
39 89
20 41
41 90
54 85
33 63
14 86
58 59
23 85
2 20
7 34
21 88
16 82
3 98
53 73
31 39
91 93
42 91
49 61
19 69
8 95
31 67
14 69
31 75
8 60
68 69
34 62
52 82
56 57
2 85
20 82
66 93
49 97
45 99
29 83
46 56
31 61
13 91
57 74
3 32
35 83
58 90
63 94
14 46
6 24
11 18
21 75
67 88
29 92
26 54
21 26
53 74
34 49
42 76
11 51
45 75
44 58
52 93
46 58
24 36
15 24
75 91
19 44
22 69
71 85
27 96
44 74
81 86
1 6
66 96
34 74
19 25
1 28
63 99
56 98
56 59
30 61
42 55
22 48
27 40
29 59
27 42
98 100
13 37
9 49
38 42
22 76
41 85
2 73
13 17
41 81
33 47
1 79
28 96
57 87
17 46
52 92
40 59
54 75
13 83
3 99
11 40
3 72
57 70
3 52
18 71
51 82
39 77
19 89
10 35
29 99
17 21
1 40
33 88
70 74
49 74
10 41
48 83
32 69
37 77
48 70
34 55
15 85
72 83
51 57
59 77
69 81
47 61
42 75
63 69
65 100
41 50
