100 5050
nlcbxexewnhrupscbhzifqtyfekwsddnissokyyrlijkmdyyoh
bayscjmdieluhyszlklsgfqhdhwsdrnkxzyplzurndlkifanru
lbnffdwcagctrcrfxsyhqcwhwpvvblrjzxxuyjuzofsbnfeqae
oryodomeicuprtovavckmheqlteiniselzjpnsqpvxiasgndrc
zmlagdzaxulnvaizzwrclmdcjrntgfbcnrlpwvvvrjhyybiwzp
nlcbxexewnhrupscbhzifqtyfekwsddnissokyyrlijkmdyyoh
lbnffdwcagctrcrfxsyhqcwhwpvvblrjzxxuyjuzofsbnfeqae
zmlagdzaxulnvaizzwrclmdcjrntgfbcnrlpwvvvrjhyybiwzp
oryodomeicuprtovavckmheqlteiniselzjpnsqpvxiasgndrc
bayscjmdieluhyszlklsgfqhdhwsdrnkxzyplzurndlkifanru
oryodomeicuprtovavckmheqlteiniselzjpnsqpvxiasgndrc
nlcbxexewnhrupscbhzifqtyfekwsddnissokyyrlijkmdyyoh
bayscjmdieluhyszlklsgfqhdhwsdrnkxzyplzurndlkifanru
zmlagdzaxulnvaizzwrclmdcjrntgfbcnrlpwvvvrjhyybiwzp
lbnffdwcagctrcrfxsyhqcwhwpvvblrjzxxuyjuzofsbnfeqae
nlcbxexewnhrupscbhzifqtyfekwsddnissokyyrlijkmdyyoh
bayscjmdieluhyszlklsgfqhdhwsdrnkxzyplzurndlkifanru
zmlagdzaxulnvaizzwrclmdcjrntgfbcnrlpwvvvrjhyybiwzp
oryodomeicuprtovavckmheqlteiniselzjpnsqpvxiasgndrc
lbnffdwcagctrcrfxsyhqcwhwpvvblrjzxxuyjuzofsbnfeqae
bayscjmdieluhyszlklsgfqhdhwsdrnkxzyplzurndlkifanru
nlcbxexewnhrupscbhzifqtyfekwsddnissokyyrlijkmdyyoh
zmlagdzaxulnvaizzwrclmdcjrntgfbcnrlpwvvvrjhyybiwzp
lbnffdwcagctrcrfxsyhqcwhwpvvblrjzxxuyjuzofsbnfeqae
oryodomeicuprtovavckmheqlteiniselzjpnsqpvxiasgndrc
oryodomeicuprtovavckmheqlteiniselzjpnsqpvxiasgndrc
bayscjmdieluhyszlklsgfqhdhwsdrnkxzyplzurndlkifanru
zmlagdzaxulnvaizzwrclmdcjrntgfbcnrlpwvvvrjhyybiwzp
nlcbxexewnhrupscbhzifqtyfekwsddnissokyyrlijkmdyyoh
lbnffdwcagctrcrfxsyhqcwhwpvvblrjzxxuyjuzofsbnfeqae
nlcbxexewnhrupscbhzifqtyfekwsddnissokyyrlijkmdyyoh
oryodomeicuprtovavckmheqlteiniselzjpnsqpvxiasgndrc
bayscjmdieluhyszlklsgfqhdhwsdrnkxzyplzurndlkifanru
zmlagdzaxulnvaizzwrclmdcjrntgfbcnrlpwvvvrjhyybiwzp
lbnffdwcagctrcrfxsyhqcwhwpvvblrjzxxuyjuzofsbnfeqae
oryodomeicuprtovavckmheqlteiniselzjpnsqpvxiasgndrc
lbnffdwcagctrcrfxsyhqcwhwpvvblrjzxxuyjuzofsbnfeqae
zmlagdzaxulnvaizzwrclmdcjrntgfbcnrlpwvvvrjhyybiwzp
nlcbxexewnhrupscbhzifqtyfekwsddnissokyyrlijkmdyyoh
bayscjmdieluhyszlklsgfqhdhwsdrnkxzyplzurndlkifanru
bayscjmdieluhyszlklsgfqhdhwsdrnkxzyplzurndlkifanru
zmlagdzaxulnvaizzwrclmdcjrntgfbcnrlpwvvvrjhyybiwzp
nlcbxexewnhrupscbhzifqtyfekwsddnissokyyrlijkmdyyoh
lbnffdwcagctrcrfxsyhqcwhwpvvblrjzxxuyjuzofsbnfeqae
oryodomeicuprtovavckmheqlteiniselzjpnsqpvxiasgndrc
bayscjmdieluhyszlklsgfqhdhwsdrnkxzyplzurndlkifanru
nlcbxexewnhrupscbhzifqtyfekwsddnissokyyrlijkmdyyoh
lbnffdwcagctrcrfxsyhqcwhwpvvblrjzxxuyjuzofsbnfeqae
oryodomeicuprtovavckmheqlteiniselzjpnsqpvxiasgndrc
zmlagdzaxulnvaizzwrclmdcjrntgfbcnrlpwvvvrjhyybiwzp
zmlagdzaxulnvaizzwrclmdcjrntgfbcnrlpwvvvrjhyybiwzp
oryodomeicuprtovavckmheqlteiniselzjpnsqpvxiasgndrc
lbnffdwcagctrcrfxsyhqcwhwpvvblrjzxxuyjuzofsbnfeqae
nlcbxexewnhrupscbhzifqtyfekwsddnissokyyrlijkmdyyoh
bayscjmdieluhyszlklsgfqhdhwsdrnkxzyplzurndlkifanru
zmlagdzaxulnvaizzwrclmdcjrntgfbcnrlpwvvvrjhyybiwzp
nlcbxexewnhrupscbhzifqtyfekwsddnissokyyrlijkmdyyoh
bayscjmdieluhyszlklsgfqhdhwsdrnkxzyplzurndlkifanru
lbnffdwcagctrcrfxsyhqcwhwpvvblrjzxxuyjuzofsbnfeqae
oryodomeicuprtovavckmheqlteiniselzjpnsqpvxiasgndrc
zmlagdzaxulnvaizzwrclmdcjrntgfbcnrlpwvvvrjhyybiwzp
nlcbxexewnhrupscbhzifqtyfekwsddnissokyyrlijkmdyyoh
bayscjmdieluhyszlklsgfqhdhwsdrnkxzyplzurndlkifanru
lbnffdwcagctrcrfxsyhqcwhwpvvblrjzxxuyjuzofsbnfeqae
oryodomeicuprtovavckmheqlteiniselzjpnsqpvxiasgndrc
bayscjmdieluhyszlklsgfqhdhwsdrnkxzyplzurndlkifanru
lbnffdwcagctrcrfxsyhqcwhwpvvblrjzxxuyjuzofsbnfeqae
nlcbxexewnhrupscbhzifqtyfekwsddnissokyyrlijkmdyyoh
zmlagdzaxulnvaizzwrclmdcjrntgfbcnrlpwvvvrjhyybiwzp
oryodomeicuprtovavckmheqlteiniselzjpnsqpvxiasgndrc
nlcbxexewnhrupscbhzifqtyfekwsddnissokyyrlijkmdyyoh
oryodomeicuprtovavckmheqlteiniselzjpnsqpvxiasgndrc
lbnffdwcagctrcrfxsyhqcwhwpvvblrjzxxuyjuzofsbnfeqae
bayscjmdieluhyszlklsgfqhdhwsdrnkxzyplzurndlkifanru
zmlagdzaxulnvaizzwrclmdcjrntgfbcnrlpwvvvrjhyybiwzp
oryodomeicuprtovavckmheqlteiniselzjpnsqpvxiasgndrc
zmlagdzaxulnvaizzwrclmdcjrntgfbcnrlpwvvvrjhyybiwzp
bayscjmdieluhyszlklsgfqhdhwsdrnkxzyplzurndlkifanru
lbnffdwcagctrcrfxsyhqcwhwpvvblrjzxxuyjuzofsbnfeqae
nlcbxexewnhrupscbhzifqtyfekwsddnissokyyrlijkmdyyoh
nlcbxexewnhrupscbhzifqtyfekwsddnissokyyrlijkmdyyoh
lbnffdwcagctrcrfxsyhqcwhwpvvblrjzxxuyjuzofsbnfeqae
oryodomeicuprtovavckmheqlteiniselzjpnsqpvxiasgndrc
bayscjmdieluhyszlklsgfqhdhwsdrnkxzyplzurndlkifanru
zmlagdzaxulnvaizzwrclmdcjrntgfbcnrlpwvvvrjhyybiwzp
oryodomeicuprtovavckmheqlteiniselzjpnsqpvxiasgndrc
lbnffdwcagctrcrfxsyhqcwhwpvvblrjzxxuyjuzofsbnfeqae
nlcbxexewnhrupscbhzifqtyfekwsddnissokyyrlijkmdyyoh
bayscjmdieluhyszlklsgfqhdhwsdrnkxzyplzurndlkifanru
zmlagdzaxulnvaizzwrclmdcjrntgfbcnrlpwvvvrjhyybiwzp
bayscjmdieluhyszlklsgfqhdhwsdrnkxzyplzurndlkifanru
zmlagdzaxulnvaizzwrclmdcjrntgfbcnrlpwvvvrjhyybiwzp
lbnffdwcagctrcrfxsyhqcwhwpvvblrjzxxuyjuzofsbnfeqae
nlcbxexewnhrupscbhzifqtyfekwsddnissokyyrlijkmdyyoh
oryodomeicuprtovavckmheqlteiniselzjpnsqpvxiasgndrc
lbnffdwcagctrcrfxsyhqcwhwpvvblrjzxxuyjuzofsbnfeqae
zmlagdzaxulnvaizzwrclmdcjrntgfbcnrlpwvvvrjhyybiwzp
oryodomeicuprtovavckmheqlteiniselzjpnsqpvxiasgndrc
bayscjmdieluhyszlklsgfqhdhwsdrnkxzyplzurndlkifanru
nlcbxexewnhrupscbhzifqtyfekwsddnissokyyrlijkmdyyoh
60 82
22 98
70 98
45 95
37 44
6 36
76 92
18 86
22 75
3 45
42 57
39 90
10 92
5 66
36 77
35 50
72 87
87 97
10 95
28 43
52 76
5 89
40 96
9 91
76 90
61 80
43 97
31 79
62 72
72 98
10 23
33 99
30 75
53 71
19 27
19 38
78 86
20 73
18 26
52 66
12 34
64 92
10 13
17 54
7 88
54 62
91 94
53 98
67 74
82 96
85 90
14 43
13 36
13 16
15 75
75 90
24 45
25 37
23 59
33 85
23 92
56 65
89 93
19 28
27 94
37 64
57 63
59 93
44 98
46 98
68 91
68 86
18 39
52 85
47 60
14 93
20 54
12 25
53 83
62 92
69 89
3 14
10 16
58 94
6 7
16 71
17 73
18 55
10 44
66 88
59 66
47 100
9 9
52 55
32 55
57 78
6 77
64 64
38 72
4 32
14 48
66 79
93 96
23 76
58 79
37 88
78 78
37 41
21 56
37 75
56 69
24 93
1 94
70 86
41 62
78 84
2 37
16 35
39 100
28 58
31 88
5 61
39 47
24 57
12 67
21 43
53 86
4 83
39 68
3 77
41 76
7 17
35 72
7 75
2 38
75 80
63 86
51 84
4 43
19 44
15 27
17 23
18 70
42 64
30 74
3 84
4 27
60 91
8 8
53 92
29 67
13 58
3 21
41 55
11 89
58 66
2 41
12 87
3 98
73 96
25 85
26 77
48 48
36 41
52 79
95 99
23 91
61 61
33 34
39 80
91 97
61 96
30 42
23 30
12 28
39 69
11 76
4 66
65 77
86 95
4 50
37 63
42 100
28 59
62 73
11 81
12 92
20 69
34 98
71 79
30 35
47 81
36 42
19 70
77 98
42 98
25 32
50 87
88 99
39 51
55 81
66 90
87 94
12 24
5 76
21 74
7 83
20 86
2 84
32 69
24 48
1 67
6 41
35 96
62 90
29 95
88 97
23 64
3 6
39 42
20 71
38 53
14 95
55 95
88 100
33 100
7 98
14 52
4 79
32 50
2 30
40 97
5 69
56 98
14 59
83 96
5 48
5 34
54 73
75 86
24 94
47 99
9 76
23 53
73 76
86 86
44 81
3 37
66 85
18 96
9 56
26 78
7 28
8 39
31 52
48 60
72 81
19 57
46 66
68 95
67 100
2 69
2 54
18 66
17 98
73 79
33 35
52 75
71 74
55 79
11 58
33 74
28 93
23 34
33 40
42 70
1 82
35 95
44 51
74 91
43 78
36 70
46 47
5 42
24 75
16 48
4 82
4 38
29 77
21 67
36 99
18 50
18 28
42 58
4 90
42 56
59 76
86 87
9 23
2 44
40 64
15 68
59 81
51 75
13 62
27 42
6 10
43 83
28 31
8 32
52 80
57 89
64 82
39 65
6 38
30 47
13 79
6 85
38 44
27 30
69 70
27 70
70 74
22 97
14 41
24 98
2 31
49 67
62 94
20 77
80 88
78 82
92 92
35 73
28 36
27 40
3 28
46 83
41 74
73 92
34 74
23 45
51 88
55 75
38 95
31 60
24 89
17 49
52 83
2 20
78 89
18 71
20 49
12 74
54 85
8 74
10 25
48 50
31 83
24 70
74 100
71 94
17 35
56 90
5 56
20 52
75 85
90 93
39 70
40 76
3 87
48 62
14 40
54 94
46 85
4 22
50 82
15 76
11 74
24 25
56 73
61 84
75 83
2 11
81 83
22 31
25 47
44 99
46 61
67 91
44 67
67 92
42 67
2 73
73 75
16 33
28 28
82 99
53 70
2 56
42 91
69 73
25 93
60 60
34 63
17 79
26 29
71 95
15 65
53 68
12 61
29 71
83 89
27 51
29 93
52 58
74 90
33 41
49 94
17 83
22 76
27 92
72 78
25 58
32 78
63 88
78 98
17 97
5 64
70 89
72 85
36 43
1 44
62 93
42 80
48 75
69 98
89 92
28 53
5 51
78 91
52 52
15 45
31 50
34 39
47 74
47 55
67 97
6 56
57 75
97 97
1 25
16 69
3 97
46 89
8 79
43 43
81 100
70 81
1 72
34 68
3 85
51 94
45 73
26 49
31 68
69 72
21 32
5 43
54 69
15 37
61 69
24 78
37 96
77 94
29 45
65 65
56 59
44 87
84 86
3 91
50 59
97 100
40 84
37 74
1 7
77 91
56 89
39 76
21 76
1 84
14 27
20 75
3 27
31 64
52 91
46 99
16 22
24 44
27 57
25 31
45 92
82 91
4 100
26 69
14 97
30 70
59 82
13 92
32 57
27 54
89 89
3 68
43 82
6 72
39 82
24 55
14 63
11 90
39 58
43 84
32 73
56 94
3 13
14 66
52 56
55 56
34 62
11 71
5 54
61 93
83 92
59 60
26 57
15 90
19 32
7 54
4 56
14 77
3 73
8 63
74 86
61 68
55 88
13 70
10 51
25 63
5 95
4 85
9 81
51 56
58 78
16 42
3 100
72 76
50 88
61 90
17 62
92 96
59 88
24 59
19 88
56 99
77 99
29 37
15 17
64 75
13 22
29 75
12 93
79 79
15 50
66 99
20 74
64 95
53 64
17 59
45 67
8 64
61 62
22 89
66 97
63 85
25 81
11 97
88 89
10 90
20 90
59 77
30 92
37 81
11 50
15 43
78 92
86 90
76 99
29 38
48 92
18 76
74 96
65 76
36 48
7 15
26 95
77 82
16 74
49 89
3 36
10 75
73 93
70 90
16 82
96 99
47 70
61 86
32 99
1 89
41 60
9 86
27 72
3 80
32 98
35 35
60 73
35 84
72 77
36 40
48 77
13 95
38 84
58 85
21 100
56 96
18 29
5 40
78 99
22 78
49 78
4 84
16 70
50 83
47 82
6 51
11 68
28 81
13 90
28 68
56 71
20 26
52 92
14 25
75 100
54 71
1 38
45 64
58 64
22 28
6 22
18 65
23 57
5 5
21 54
26 30
4 76
9 35
36 84
70 91
44 66
47 51
14 17
76 84
11 49
63 66
48 79
43 47
28 98
17 47
46 91
27 60
23 55
78 88
15 67
55 84
56 72
67 70
14 64
5 46
28 54
19 67
11 38
25 87
46 97
15 23
36 78
45 69
25 27
12 86
42 76
23 31
64 98
17 28
78 79
38 45
42 97
12 18
58 93
16 97
27 83
30 84
7 8
44 50
12 79
43 70
46 84
63 94
76 93
23 32
38 43
54 60
39 95
19 45
36 66
39 54
14 89
34 93
42 78
71 92
48 86
40 73
45 80
66 71
2 71
55 93
93 95
6 88
27 58
39 83
39 86
8 59
46 58
10 96
5 35
18 23
1 19
24 56
74 75
6 93
44 47
8 89
60 69
58 59
10 73
33 56
54 64
79 91
61 74
13 56
26 99
11 43
10 12
61 71
56 74
47 97
6 67
27 47
48 56
60 80
29 46
80 99
34 75
39 97
15 46
3 61
54 89
51 80
7 85
30 61
37 56
49 76
78 90
7 87
32 38
22 62
16 23
3 93
12 89
40 47
15 28
7 31
37 67
55 69
94 96
50 71
34 79
27 85
64 74
15 34
11 72
45 100
36 67
6 80
1 98
38 66
20 33
60 74
24 62
4 68
49 86
13 75
63 97
13 47
36 88
15 100
38 62
3 26
69 85
31 95
21 93
79 82
15 78
37 70
60 77
7 51
27 68
26 100
65 89
45 97
9 31
30 77
76 83
18 91
32 70
29 63
26 31
67 96
23 98
33 55
12 68
27 39
39 87
52 99
49 92
6 66
29 88
8 72
14 67
19 98
20 41
22 81
42 90
23 87
24 37
22 67
70 93
28 66
11 95
41 57
46 81
55 77
24 46
19 30
2 46
51 67
3 74
40 94
3 16
26 43
33 50
44 97
99 100
34 89
34 96
24 87
31 36
51 57
6 89
32 35
26 62
20 84
42 96
39 85
10 34
31 32
33 82
40 70
5 84
80 94
39 98
51 70
51 79
35 89
81 96
6 14
5 97
18 37
17 48
7 81
16 67
1 78
33 38
10 42
56 63
10 91
23 60
35 40
70 73
82 84
18 48
54 88
41 52
32 47
42 63
40 49
10 15
3 5
18 58
44 71
8 13
31 91
3 78
22 50
24 47
89 94
59 86
37 48
28 44
38 65
32 84
62 99
31 80
58 96
55 65
42 87
21 31
35 98
49 74
82 97
49 98
49 87
17 58
28 94
56 85
40 98
34 56
50 72
60 84
8 35
47 92
48 84
29 48
35 63
13 84
25 68
86 99
2 45
50 93
22 79
8 91
16 40
4 54
17 66
82 90
60 63
17 82
32 40
27 45
65 87
28 88
36 68
37 68
17 46
38 39
16 88
44 55
5 65
10 97
22 55
14 60
25 36
33 44
18 38
48 58
32 85
71 91
4 26
7 58
34 40
21 88
44 75
28 30
62 62
19 43
29 32
14 88
37 80
45 49
5 63
26 42
47 90
89 99
56 57
32 89
35 39
13 19
27 77
43 58
83 84
63 74
84 85
70 97
82 87
57 72
56 100
5 30
27 33
26 96
61 75
37 50
45 66
12 37
18 30
33 60
82 83
34 45
8 21
5 37
50 69
81 94
43 46
79 96
31 75
42 81
32 37
9 17
58 98
33 80
3 86
26 93
33 93
25 86
22 32
55 67
40 59
26 39
79 80
28 33
74 95
23 73
54 100
26 91
39 99
4 96
10 35
25 67
69 92
38 63
27 91
68 87
52 89
13 26
2 12
43 53
30 95
10 30
46 93
16 32
30 45
44 79
72 73
68 92
23 27
67 81
42 47
10 54
10 93
55 76
24 95
21 90
31 38
56 83
55 94
63 78
3 43
6 83
33 37
51 69
94 95
25 33
33 78
21 79
67 68
57 80
44 89
21 55
14 83
72 86
62 65
19 50
25 59
61 94
19 86
19 58
33 62
26 71
10 62
35 80
6 40
30 82
15 93
23 39
59 70
50 50
7 37
14 50
49 68
13 81
1 50
80 90
9 37
32 79
3 44
36 37
13 96
28 89
91 91
32 82
16 89
48 68
54 56
7 18
84 93
63 93
72 80
50 99
31 63
1 43
4 95
64 100
44 59
55 70
44 72
98 98
18 47
29 31
54 81
16 93
10 84
1 33
58 80
59 65
17 31
4 35
29 40
37 93
7 99
54 90
16 30
9 13
30 30
53 85
65 90
19 82
43 73
54 58
8 9
4 20
8 98
3 54
73 90
12 58
9 71
10 37
36 55
51 89
28 79
46 72
49 63
52 77
44 46
58 91
71 83
12 13
57 93
3 48
37 45
62 100
93 99
57 91
34 76
4 10
9 41
40 61
9 72
51 53
8 100
35 99
23 69
50 55
63 89
3 29
45 78
49 58
8 10
66 94
51 95
14 45
8 97
11 64
35 61
51 64
66 73
18 33
6 57
2 70
65 81
60 71
13 94
2 75
16 39
35 58
4 9
43 85
21 85
28 29
8 30
36 82
40 99
63 71
51 60
49 55
20 85
31 90
9 43
52 94
35 76
66 96
55 62
10 28
11 53
22 73
84 100
3 96
45 65
21 72
69 95
10 86
51 90
36 92
47 48
32 56
27 87
1 2
3 47
64 97
28 100
21 21
5 23
62 91
70 95
3 53
38 99
74 87
8 80
28 50
33 73
22 61
2 52
14 92
1 13
39 96
78 93
2 39
52 67
4 67
23 70
14 94
5 22
4 93
15 21
26 82
18 98
54 98
33 77
9 65
16 54
39 72
3 51
32 83
35 62
34 38
74 78
32 52
57 83
40 78
18 22
27 82
22 53
1 21
11 18
33 69
25 92
41 50
19 87
19 31
69 69
4 13
24 68
91 93
13 54
15 56
21 73
81 92
44 90
14 30
8 68
79 81
17 75
26 89
74 84
41 41
8 14
42 94
23 75
30 85
5 24
7 74
42 66
35 59
48 88
15 71
29 50
20 94
53 96
20 64
7 93
36 64
9 88
70 99
45 51
22 58
10 36
17 77
32 63
22 56
2 63
51 99
78 97
12 96
20 61
61 66
85 86
50 95
55 98
6 52
48 74
12 80
73 77
27 38
9 75
59 94
12 97
46 74
52 65
31 40
54 63
18 34
93 100
57 70
31 89
19 37
78 94
33 87
14 29
11 52
29 89
32 43
42 55
65 88
22 87
57 76
68 75
27 56
29 55
25 69
24 85
40 65
59 75
19 85
43 44
15 38
52 61
4 81
57 71
6 71
20 78
10 63
2 97
74 85
45 52
17 64
44 86
76 100
22 99
37 89
54 59
44 61
87 96
26 47
29 29
69 88
16 44
40 91
69 91
56 91
20 88
34 54
19 41
44 64
19 99
28 51
5 70
15 66
42 68
66 76
31 87
13 37
34 86
1 30
21 69
63 76
4 65
17 61
29 91
36 39
2 34
88 92
72 91
56 93
18 31
3 33
84 92
90 99
28 55
22 59
4 63
43 57
38 94
5 99
48 82
1 29
46 73
26 56
5 88
22 72
37 91
19 97
10 49
55 85
19 62
17 65
10 60
65 75
22 68
37 46
63 96
29 52
47 96
39 39
42 85
17 71
77 84
32 51
59 69
81 91
83 87
23 78
10 89
70 85
79 86
42 71
15 89
37 59
80 83
64 83
45 86
14 71
8 36
73 91
14 32
41 69
12 48
2 17
6 100
15 63
8 45
37 66
79 97
13 27
73 97
10 11
25 46
27 79
38 70
15 15
72 75
9 97
12 70
5 14
62 81
69 79
47 79
33 68
23 40
6 12
7 21
8 38
50 68
40 63
4 58
65 80
60 66
56 76
1 41
20 37
62 71
11 29
20 66
83 90
16 94
16 73
47 86
16 43
64 68
15 57
12 15
29 80
51 81
68 89
2 32
33 96
16 24
49 73
20 42
12 36
12 45
53 95
49 97
13 46
15 19
10 69
14 80
29 92
50 52
22 44
52 59
10 61
9 33
4 46
10 80
52 71
27 88
76 94
72 72
50 58
47 58
1 71
48 73
6 27
66 86
65 82
9 45
3 69
2 94
13 74
33 98
46 75
2 4
66 74
13 57
6 63
1 53
10 45
3 22
31 84
8 33
37 61
9 67
22 57
26 37
3 12
5 50
53 91
16 98
41 53
68 77
4 8
47 52
3 42
82 88
58 71
30 67
97 99
41 63
19 68
59 83
21 36
9 53
1 32
65 73
5 72
30 79
36 97
40 66
27 48
59 92
35 97
6 84
48 57
1 81
43 75
45 57
75 91
50 98
54 77
55 83
12 72
32 81
65 72
65 70
28 95
25 56
31 67
26 38
25 66
20 56
9 79
61 95
56 64
64 78
54 76
1 63
63 72
41 73
31 92
31 96
83 86
49 59
32 33
11 69
11 14
9 19
64 96
34 52
5 62
19 61
14 38
59 72
7 29
20 57
19 53
62 85
50 79
41 47
4 89
2 77
3 99
1 26
67 69
27 95
51 58
40 74
5 93
36 90
41 80
19 80
61 87
55 73
42 86
41 86
22 84
25 97
31 85
75 93
13 93
17 26
18 100
33 36
40 100
24 65
6 59
32 36
18 75
79 90
63 64
44 52
54 74
4 5
69 82
37 40
2 8
86 93
1 54
47 87
32 80
35 49
5 53
90 96
18 41
27 65
8 43
46 76
57 64
90 92
63 98
31 77
9 42
65 98
28 60
4 18
30 100
72 95
45 91
41 56
26 97
21 64
24 29
16 78
48 94
21 33
34 97
19 73
30 78
1 42
24 86
3 7
36 63
29 65
80 81
50 100
58 95
38 87
58 72
55 87
35 47
5 85
61 70
22 86
5 71
7 68
57 87
25 99
42 52
31 47
28 91
33 67
49 64
39 40
62 84
10 20
3 32
16 92
28 41
21 49
45 53
59 74
89 90
45 90
23 44
54 75
73 85
6 28
35 93
14 42
43 60
27 49
3 60
45 59
9 14
38 55
56 78
62 74
4 99
54 97
10 21
9 54
61 98
38 82
47 61
35 83
41 91
1 74
48 99
18 67
48 53
42 54
9 47
14 72
49 50
86 100
3 89
5 15
43 91
62 77
15 48
70 72
78 100
25 50
12 47
18 60
83 85
5 75
25 25
55 86
2 53
80 92
8 56
23 35
45 74
71 90
8 90
45 75
21 89
76 76
9 21
44 44
26 63
9 84
32 93
31 72
20 62
72 97
67 77
57 97
78 80
40 48
9 29
6 20
71 88
2 79
37 55
76 79
31 53
6 34
49 100
100 100
4 88
65 68
27 36
19 55
7 45
2 27
53 65
27 80
30 68
33 46
29 57
23 99
35 43
7 36
30 66
59 91
14 100
3 25
13 38
85 89
5 58
10 81
27 97
61 65
15 39
47 75
21 34
12 12
44 96
49 85
30 48
34 34
54 84
63 91
10 66
24 71
62 83
73 87
23 38
82 85
37 77
17 41
17 17
35 81
30 93
20 40
41 92
53 89
18 45
16 49
88 94
46 100
45 81
74 74
46 88
9 98
15 22
2 100
23 80
30 58
66 67
41 70
7 48
1 31
2 14
70 80
47 85
51 93
7 62
4 30
14 26
48 66
3 59
4 25
30 60
14 76
37 82
58 73
16 19
32 71
34 72
68 100
21 61
45 98
29 62
56 95
1 87
50 54
24 38
21 26
9 11
49 53
34 53
2 57
8 93
64 67
79 89
9 58
85 94
26 92
53 76
61 76
9 96
2 66
34 67
5 44
28 45
49 62
24 41
1 100
76 86
53 72
60 78
19 36
61 73
26 84
62 64
11 13
32 74
3 95
27 43
86 92
24 32
99 99
37 71
35 100
12 75
13 59
51 52
7 53
18 69
27 64
3 15
11 48
15 36
38 64
46 78
48 83
21 68
91 99
5 77
16 58
4 57
23 47
5 52
25 55
75 89
37 100
7 66
36 59
13 60
4 91
9 60
7 24
63 90
4 14
63 81
76 82
35 51
42 61
50 90
51 59
21 51
10 59
34 50
10 46
50 74
19 42
3 24
44 63
10 48
11 73
38 50
38 74
7 22
24 30
27 89
4 44
62 87
39 67
48 55
3 19
12 31
40 72
68 76
80 87
39 88
18 54
2 43
2 22
14 75
34 35
30 33
66 89
40 93
62 69
47 94
61 85
12 38
30 64
21 86
86 88
3 64
1 15
20 55
25 94
13 78
38 79
50 51
23 36
78 83
30 62
56 58
5 78
5 83
13 67
35 65
24 53
21 92
19 71
7 39
55 92
71 100
24 76
58 88
22 65
54 78
53 73
82 86
47 95
18 46
36 94
17 96
31 86
32 45
45 45
45 62
12 84
5 94
23 51
40 92
33 49
13 98
38 75
34 37
20 47
37 60
57 77
34 61
48 100
25 95
22 95
43 45
11 26
23 90
25 73
8 16
52 97
7 70
38 90
33 64
19 29
2 49
69 93
39 77
21 94
35 44
1 6
66 75
30 59
19 90
67 73
5 91
7 50
13 48
28 40
57 88
11 54
67 76
33 39
13 89
68 71
72 100
52 62
4 33
73 98
40 52
76 80
41 64
32 59
47 54
31 42
14 57
81 84
59 95
57 96
77 96
73 99
2 47
1 27
6 37
25 88
31 73
47 80
20 23
19 64
7 71
29 78
7 40
9 69
42 45
21 48
20 45
3 94
8 60
63 87
12 77
36 71
3 11
19 95
27 74
18 84
22 43
41 83
70 82
5 82
5 90
24 67
6 55
9 39
3 65
82 93
36 98
6 62
10 85
30 81
30 55
50 78
8 76
8 50
2 3
12 23
55 100
36 36
62 95
65 78
8 81
1 49
2 15
32 87
40 42
11 32
15 31
26 88
30 49
41 71
32 49
67 98
22 34
19 49
10 83
39 53
70 87
34 99
40 83
53 82
69 84
1 95
14 62
46 79
10 17
26 33
51 96
8 88
94 99
44 49
50 94
87 99
82 94
1 48
13 44
29 51
47 77
19 56
25 79
9 46
14 21
24 72
60 67
30 65
6 69
68 74
9 89
29 54
24 28
27 59
45 83
50 73
28 69
21 45
22 100
6 78
36 46
20 53
39 61
69 86
70 70
19 40
59 71
23 79
70 100
9 48
76 97
4 42
4 49
54 82
38 77
17 95
87 93
24 33
13 83
20 70
57 74
57 85
46 49
3 23
30 46
87 89
18 79
60 95
6 64
56 84
8 55
8 28
40 90
1 23
57 94
16 28
90 94
59 62
18 81
25 61
51 54
22 77
36 45
8 75
7 60
2 51
9 92
10 78
29 36
11 47
47 78
24 31
1 86
56 81
19 52
47 84
17 45
5 100
75 84
47 67
50 61
33 51
6 70
57 59
21 41
40 95
24 83
7 55
57 92
2 81
45 54
16 62
39 89
20 36
54 80
5 49
69 75
58 65
18 88
5 7
25 74
92 94
13 25
14 18
39 60
76 88
2 16
27 61
52 82
20 51
23 50
17 36
51 85
24 43
14 22
31 46
15 58
46 86
12 26
20 24
6 42
47 59
34 44
81 86
23 81
59 68
42 73
20 95
50 66
68 82
59 99
46 80
1 77
11 20
32 96
44 93
4 12
70 96
11 86
55 91
36 80
24 66
95 95
75 96
60 70
43 96
26 79
13 14
20 79
21 96
61 77
27 29
10 40
37 65
57 58
45 56
20 93
6 95
58 61
45 96
34 42
1 83
13 30
6 17
8 17
28 57
54 68
14 33
28 77
84 96
92 100
2 58
4 51
23 41
61 99
19 47
16 50
70 84
54 93
31 37
25 96
75 98
25 51
66 93
44 84
74 94
73 81
64 70
53 75
23 71
25 38
47 47
17 87
37 52
31 56
91 95
16 34
83 98
12 32
82 92
17 29
22 46
44 76
9 52
11 80
27 28
34 71
15 51
36 83
43 93
40 82
28 87
6 97
10 98
17 39
21 77
40 67
11 88
85 99
67 67
18 73
24 40
36 50
43 95
51 98
55 82
73 73
6 30
25 71
44 78
65 69
42 50
32 77
10 72
50 57
4 48
60 62
2 36
16 99
14 82
9 62
23 72
14 24
53 74
27 37
45 84
18 63
4 24
71 77
73 94
84 98
7 91
6 44
43 94
21 84
23 61
89 96
7 32
3 8
31 99
11 16
1 88
15 16
41 93
35 37
4 53
58 74
80 95
98 99
22 92
4 17
38 88
13 55
29 82
44 69
30 37
48 54
60 87
64 91
29 49
19 20
1 97
85 88
4 62
2 83
7 42
26 98
6 24
1 28
19 48
52 60
29 81
6 73
23 28
52 68
80 85
22 22
4 47
13 77
54 86
78 87
77 88
10 65
2 96
6 90
71 84
22 25
36 96
7 20
29 86
13 63
27 55
8 26
31 49
18 59
18 43
11 39
30 56
28 34
8 78
87 92
16 63
12 66
23 89
19 24
85 93
36 61
49 66
12 60
1 40
26 58
17 38
16 47
8 62
81 90
91 92
33 58
23 54
20 68
12 17
3 76
33 70
50 86
2 9
32 61
34 57
31 57
15 80
16 85
2 48
35 55
64 66
19 77
52 81
7 73
33 97
66 81
65 94
51 55
44 54
5 21
27 63
29 42
35 69
51 71
32 34
21 23
50 63
11 24
30 88
82 98
60 94
12 82
40 87
16 41
64 71
41 90
20 82
12 65
29 60
17 32
13 80
18 85
56 61
37 47
41 58
18 99
42 72
4 77
12 94
8 85
24 92
77 92
10 24
3 20
58 58
25 65
25 34
67 82
10 55
30 76
15 86
15 81
66 80
7 92
31 51
23 74
64 94
52 72
39 44
13 49
15 33
14 85
16 68
62 63
16 57
24 24
40 40
46 87
9 44
14 37
61 89
29 100
21 80
10 38
18 61
36 54
21 37
41 84
16 75
10 99
5 59
36 52
24 97
42 48
38 91
27 32
84 90
60 93
74 92
29 53
64 88
5 28
43 52
61 79
13 20
59 89
79 93
13 42
77 80
80 96
17 50
43 51
54 54
46 96
1 52
49 57
10 50
58 69
2 82
92 95
2 25
14 15
65 84
41 79
46 68
12 20
11 30
57 90
25 60
45 47
66 82
9 55
48 71
37 73
3 3
64 99
22 83
53 87
13 34
7 90
1 51
1 47
9 15
66 95
55 55
29 76
84 94
60 88
4 39
22 49
44 77
28 67
16 61
5 38
42 59
9 18
21 28
1 96
11 34
7 78
2 60
9 68
61 88
40 54
30 71
30 69
37 95
58 100
77 86
4 73
9 61
7 63
10 19
60 81
36 86
68 90
12 95
15 52
66 68
28 64
60 68
51 61
2 88
32 42
11 84
43 64
49 95
60 96
53 54
1 39
73 74
15 29
23 29
10 94
21 44
66 100
39 71
29 66
49 90
39 64
5 31
49 65
59 67
26 64
51 77
11 63
19 59
13 68
38 47
6 48
66 84
27 50
65 86
46 70
35 64
1 85
13 71
36 72
54 91
5 8
56 92
13 39
7 34
14 47
2 67
39 56
33 42
38 59
46 71
61 67
17 21
8 11
1 66
15 87
36 74
57 81
19 54
7 77
25 100
18 72
7 84
67 71
60 89
40 80
14 53
36 60
39 50
4 60
24 34
71 82
7 12
61 63
13 29
8 58
54 79
50 76
6 99
18 24
69 74
37 86
18 87
14 73
19 65
37 92
52 63
29 33
90 100
70 75
81 99
25 42
12 62
21 50
44 85
8 83
10 77
28 76
75 77
36 79
17 37
40 56
1 14
12 73
34 73
7 52
20 39
13 52
94 97
24 96
5 79
89 95
91 96
44 57
69 78
19 35
68 93
20 98
21 46
2 23
28 84
11 92
33 75
69 87
65 97
3 38
2 89
17 27
39 66
96 98
56 67
20 72
17 85
12 78
29 99
48 91
19 92
19 89
17 44
56 70
40 46
10 67
4 37
67 87
21 65
37 85
14 23
76 81
30 39
59 90
5 20
21 78
70 94
8 57
17 24
43 77
7 80
11 70
59 59
7 14
82 82
7 30
68 79
74 99
4 34
38 61
48 93
18 97
64 65
7 57
30 91
13 86
32 86
46 59
11 45
34 92
32 68
26 26
24 80
3 81
12 51
2 61
26 73
76 91
86 98
86 97
22 37
43 79
98 100
81 85
72 74
6 91
16 84
6 53
25 49
12 33
18 92
83 97
52 95
4 71
75 97
5 73
11 15
5 92
43 89
12 64
1 75
2 24
27 99
46 94
37 53
1 17
71 81
12 85
65 92
66 69
59 63
38 89
6 87
25 76
17 91
8 65
54 57
3 46
12 83
8 12
30 52
18 64
13 65
53 90
1 90
17 56
2 35
55 72
80 86
6 35
31 45
25 35
11 59
77 90
26 32
64 90
29 97
32 53
5 80
26 44
72 82
26 80
20 22
10 27
14 16
24 50
53 56
68 88
2 86
8 53
8 99
39 59
35 52
31 48
25 80
73 86
59 80
43 80
49 99
38 68
49 61
83 88
41 68
7 72
21 35
1 1
14 91
10 14
51 83
8 19
23 93
35 78
4 98
5 39
11 78
43 67
14 44
29 74
2 7
18 74
8 86
71 86
57 99
41 100
17 92
35 79
62 78
67 89
63 92
1 16
25 90
66 87
34 83
38 48
80 98
12 46
69 90
24 74
18 93
5 74
11 28
4 74
56 62
30 86
37 94
40 50
15 69
49 81
17 90
79 84
53 67
44 92
25 45
2 19
73 82
7 38
22 93
3 56
47 62
10 18
80 91
1 61
9 82
44 56
18 89
24 39
22 66
17 57
60 75
42 74
39 94
35 66
10 31
6 8
43 63
19 96
47 64
15 30
11 37
31 34
75 88
8 15
84 87
41 94
30 73
36 57
17 100
53 66
26 51
78 95
29 90
38 40
17 93
16 51
37 72
51 78
27 93
58 67
20 27
69 76
14 20
29 83
79 83
90 98
65 99
5 86
51 62
23 95
10 70
15 32
30 97
21 62
5 33
26 68
51 73
23 65
51 51
19 100
61 100
40 45
19 22
63 79
4 11
45 88
17 80
56 97
12 21
14 58
46 46
39 93
22 94
1 36
27 90
52 90
38 56
67 85
13 97
47 88
6 39
40 88
14 51
55 89
4 72
45 63
17 52
27 69
28 82
5 60
55 90
73 84
58 62
31 44
13 85
26 70
23 48
60 98
17 94
8 42
22 64
5 36
13 50
22 27
45 76
64 81
81 81
2 85
29 39
58 87
46 53
32 97
26 90
22 80
42 83
17 72
20 92
20 50
62 86
27 44
60 64
20 58
25 30
36 76
7 16
37 79
3 67
41 99
53 60
27 73
11 60
31 35
48 89
16 81
15 18
13 66
36 58
63 73
72 83
40 77
32 58
30 80
9 50
49 83
14 49
10 100
43 69
5 67
14 87
18 57
30 63
21 39
7 89
16 64
78 96
22 52
52 93
8 82
1 70
11 62
56 60
3 31
18 36
22 54
1 46
6 31
51 63
61 81
55 66
41 77
31 31
72 90
49 84
13 64
27 53
92 97
9 87
66 83
7 49
27 84
10 71
48 97
15 83
41 96
19 26
47 76
17 99
21 58
67 94
10 41
3 90
60 92
65 85
46 54
26 72
28 47
37 76
19 79
3 75
6 11
21 53
47 56
82 100
1 9
45 93
58 90
22 82
67 72
38 57
24 35
2 5
4 87
92 98
15 88
86 91
61 72
24 36
7 11
3 4
76 87
35 74
15 77
34 88
85 98
32 32
41 46
23 33
4 28
91 98
12 35
7 35
12 63
30 89
21 71
23 25
56 75
11 66
7 9
22 47
13 41
37 87
11 94
16 29
81 97
29 64
29 58
32 64
68 78
18 56
11 85
2 87
62 82
15 54
35 48
11 93
21 38
9 57
41 85
25 44
35 60
7 64
62 98
59 87
3 50
37 42
17 70
24 52
17 53
2 26
9 12
14 69
72 89
39 49
89 98
46 69
14 39
68 97
88 88
11 99
2 55
7 23
77 83
33 54
67 90
37 78
26 86
72 96
33 33
41 88
21 99
3 49
68 94
31 65
4 4
2 91
28 70
9 83
27 62
31 71
49 82
20 87
47 68
21 97
18 25
5 9
34 81
37 57
27 52
48 67
39 48
4 7
2 98
16 87
22 96
86 89
70 78
25 26
19 72
28 37
24 81
78 85
33 84
2 65
43 61
21 82
8 48
5 13
25 54
94 100
51 100
36 75
28 49
24 63
13 21
47 91
38 54
9 64
12 54
30 83
20 30
23 94
6 25
17 81
16 60
1 11
2 21
74 80
51 65
6 75
43 54
5 10
27 66
17 63
48 72
2 62
18 42
9 66
59 100
82 89
88 90
49 79
63 75
16 83
10 22
33 71
28 99
36 44
4 69
44 62
1 65
13 87
12 53
46 56
17 20
15 79
6 79
52 98
45 72
29 44
77 93
87 87
39 75
45 46
32 100
64 77
71 80
77 81
76 95
21 27
53 88
53 80
44 74
70 83
39 43
9 77
4 92
63 84
31 97
81 98
54 87
11 40
16 86
4 40
30 72
38 42
23 82
4 52
21 81
47 66
10 47
23 84
57 62
57 66
14 54
12 100
54 65
13 32
6 82
85 95
1 45
31 74
47 72
17 76
22 85
22 48
94 94
41 75
2 80
35 86
8 95
63 80
29 59
52 78
38 60
18 80
68 98
28 90
40 81
64 86
57 69
8 47
37 38
4 36
8 84
19 33
24 88
41 65
59 98
20 65
39 63
20 63
28 73
73 83
2 29
71 76
75 81
26 50
74 82
37 84
63 95
41 66
62 76
2 76
15 40
55 59
3 88
34 55
37 90
34 41
36 56
24 82
16 56
58 82
43 99
35 57
13 88
8 40
4 78
20 31
71 99
1 69
58 83
9 74
3 92
36 51
44 58
67 84
48 69
90 95
48 52
50 75
31 82
71 96
48 51
68 69
40 79
93 93
51 86
2 74
20 34
72 88
7 67
48 64
28 52
25 78
1 62
11 25
3 63
30 38
26 85
18 27
74 81
7 95
39 57
87 100
8 23
16 18
16 65
64 79
26 74
69 97
44 88
1 64
68 83
15 98
93 97
22 71
7 25
12 41
47 83
5 68
13 33
44 95
56 86
52 73
11 56
9 80
21 87
8 73
56 80
38 51
55 71
87 95
72 93
91 100
12 40
33 61
70 77
38 97
30 36
60 72
71 71
3 82
1 93
75 79
29 96
60 85
68 96
76 89
47 89
49 71
62 68
9 20
15 96
66 66
15 70
53 79
80 82
33 81
80 89
2 50
12 49
3 39
11 31
3 57
42 82
69 81
3 9
3 71
34 47
30 32
31 66
35 41
10 64
57 57
21 42
23 66
53 78
9 22
5 17
15 74
43 56
38 58
24 91
21 30
27 81
18 90
16 100
25 64
20 25
40 53
29 84
59 85
71 78
6 16
27 71
32 90
16 26
15 62
55 58
53 93
19 69
9 51
4 6
25 75
31 78
56 87
44 82
41 61
29 87
6 54
41 44
70 79
60 83
39 91
32 44
45 87
26 61
88 93
31 62
49 72
8 77
21 52
13 24
13 31
44 70
31 98
2 95
90 90
39 79
56 79
8 22
23 77
7 94
71 98
39 55
11 41
25 29
48 96
42 92
60 99
3 72
75 75
36 85
28 71
22 51
28 35
43 98
1 76
29 68
75 87
12 69
1 92
32 48
23 52
9 38
1 10
3 40
52 88
34 49
15 92
22 33
19 75
15 60
36 65
55 78
40 86
50 60
24 73
67 95
73 88
10 87
63 99
19 23
14 28
60 65
24 26
18 51
12 14
3 83
30 57
11 91
28 74
33 88
32 54
19 91
16 20
8 66
52 100
29 43
52 69
21 91
70 92
34 95
69 71
19 63
32 65
55 99
50 92
6 74
44 94
6 19
63 65
72 99
83 100
1 35
85 87
27 35
8 96
77 95
73 78
15 82
48 95
34 87
42 75
68 70
95 98
83 94
23 67
47 50
60 90
7 10
6 32
23 63
55 57
43 62
37 99
12 30
8 67
42 69
42 60
55 97
33 94
34 94
75 82
8 70
9 70
46 51
17 30
49 51
27 78
3 55
6 49
49 96
96 97
12 43
26 76
3 62
33 91
42 99
20 35
35 38
18 44
52 54
13 35
7 97
61 83
7 86
4 94
49 88
69 96
31 59
75 99
41 98
96 100
15 95
22 29
27 76
28 72
18 53
34 85
52 64
26 67
8 41
28 85
27 27
59 97
14 96
27 100
27 41
79 95
28 38
64 85
17 60
58 84
32 66
23 83
73 89
31 58
3 66
38 83
4 45
15 26
3 30
15 55
55 64
53 99
26 66
72 92
75 95
13 51
69 99
43 68
20 83
54 72
38 96
20 97
59 61
32 88
25 72
59 64
5 12
10 33
18 20
35 36
57 65
36 73
30 94
20 44
29 73
24 99
63 69
4 97
7 82
1 37
16 25
26 46
10 32
51 92
69 83
77 77
18 35
2 72
64 76
8 94
53 94
59 84
35 53
49 52
29 79
63 100
84 97
63 63
67 80
12 16
21 98
16 36
31 39
61 82
5 29
10 52
14 70
1 79
23 24
11 98
12 59
47 69
84 99
24 42
42 62
29 70
67 83
36 100
57 98
83 83
7 41
84 88
47 71
35 67
56 56
41 82
52 96
17 88
12 50
22 26
23 56
9 78
80 84
31 54
68 81
30 44
34 65
54 99
1 91
55 80
22 36
20 76
83 99
68 99
74 88
92 99
84 95
53 69
17 19
1 59
79 92
1 22
83 91
20 28
11 51
17 34
52 84
77 85
15 64
7 19
28 75
33 48
20 32
49 60
89 97
15 25
57 86
12 42
31 41
48 78
14 84
51 66
89 91
6 58
41 54
77 78
35 45
6 21
42 95
16 16
34 70
39 81
33 89
25 83
8 20
19 60
55 68
24 54
3 18
10 10
19 84
20 80
39 45
35 42
15 24
64 73
45 50
37 49
36 38
15 49
71 87
23 37
28 61
28 63
35 85
60 79
17 43
13 82
33 66
46 67
30 53
38 78
17 55
46 62
51 68
55 60
1 68
13 28
40 57
49 75
45 58
49 91
77 97
79 85
65 93
12 99
89 100
58 60
5 16
28 42
17 40
19 66
10 74
54 61
35 94
47 98
12 88
15 61
11 75
36 89
81 88
8 87
23 42
38 46
9 95
55 63
41 81
26 75
6 23
38 69
2 92
29 34
95 100
53 77
68 85
1 99
78 81
27 96
22 90
24 58
1 18
2 59
9 28
10 39
34 51
24 61
30 50
33 59
52 57
43 100
68 80
7 13
37 43
48 76
77 89
20 81
85 85
66 70
9 99
34 43
40 89
88 95
36 47
47 53
38 76
8 27
50 84
54 96
23 88
24 84
41 45
34 46
19 21
32 72
43 59
9 90
10 76
65 71
11 19
40 55
26 60
8 54
6 33
14 14
3 17
15 47
85 92
53 84
21 70
27 31
53 55
11 77
40 71
50 53
65 67
4 59
13 15
62 80
41 42
67 88
29 94
16 37
64 93
18 82
4 80
14 36
70 76
36 62
22 88
22 23
25 84
37 51
4 16
21 59
84 91
17 68
25 82
74 79
1 4
20 20
45 48
90 91
58 97
14 98
5 55
45 89
36 87
56 82
85 91
38 73
4 41
5 27
31 33
42 88
52 53
71 89
50 77
46 64
56 88
23 26
51 87
49 70
38 92
75 92
50 62
30 90
11 55
5 19
4 19
45 77
7 27
43 86
2 42
58 92
15 72
47 93
28 97
59 73
9 40
41 78
28 39
11 44
16 79
46 57
15 59
34 91
48 85
49 77
35 90
10 88
11 87
35 75
32 75
34 90
50 81
3 79
4 21
30 34
88 91
29 35
25 52
43 65
24 64
17 69
16 90
8 61
32 60
23 46
14 68
29 56
19 51
2 2
20 89
13 18
85 96
19 76
51 97
45 70
43 55
32 92
11 21
29 41
50 96
34 64
16 27
15 99
21 95
20 99
37 97
22 35
18 77
71 97
31 70
77 79
2 28
2 40
48 98
80 97
25 89
73 100
66 77
34 58
76 77
16 38
64 84
69 94
21 83
57 68
53 58
9 59
74 93
12 57
87 91
85 97
22 41
33 65
5 32
79 98
39 92
45 82
34 100
3 52
30 98
59 78
18 95
65 91
38 81
54 66
8 52
1 56
54 70
6 76
64 69
13 61
47 57
18 62
26 83
42 44
19 19
32 39
25 48
15 42
50 56
37 83
33 45
37 37
29 30
87 88
40 41
53 63
16 55
20 67
65 74
9 85
23 96
73 80
31 81
46 60
13 23
8 71
70 88
13 76
16 95
26 94
85 100
16 66
57 60
58 81
8 18
72 84
58 70
23 62
37 98
38 93
23 86
15 35
45 94
10 29
46 82
3 34
1 55
81 93
5 57
74 77
7 100
45 60
17 25
27 86
14 90
42 84
16 59
4 55
5 25
50 70
54 67
41 67
42 65
61 97
6 94
62 88
58 89
58 76
45 79
9 16
46 95
30 31
30 51
26 40
38 86
26 34
43 50
62 96
12 55
61 78
51 76
97 98
30 87
71 85
14 61
39 78
5 96
11 42
22 24
23 49
7 47
21 60
6 92
33 57
50 67
33 95
2 13
71 73
63 83
51 82
16 45
27 46
9 94
63 70
50 91
38 52
14 65
2 64
9 73
8 37
6 50
51 72
14 56
13 17
41 95
23 85
12 29
29 47
4 70
18 68
36 95
35 68
61 64
28 92
17 78
38 71
26 45
10 26
81 82
53 97
5 47
11 35
3 10
64 89
87 90
34 82
16 72
11 36
38 98
20 46
28 83
96 96
84 84
7 96
8 24
53 57
6 26
8 29
62 89
25 77
17 42
23 97
15 85
33 43
84 89
44 73
58 86
22 63
66 92
43 48
27 67
29 61
60 76
44 45
8 25
2 33
12 76
57 84
10 53
73 95
9 36
46 55
6 96
50 65
11 22
39 46
20 48
57 73
7 7
67 93
4 86
25 98
32 91
16 46
37 58
74 98
47 73
66 91
27 98
64 72
45 61
28 56
6 9
40 75
33 83
44 60
11 23
4 23
43 49
65 96
44 91
60 97
62 97
10 79
38 49
26 41
28 48
26 53
75 94
1 80
72 94
54 83
52 86
15 41
34 36
67 78
22 74
39 41
57 67
22 69
18 83
43 87
62 67
41 97
92 93
12 39
1 12
38 67
44 48
23 58
23 43
11 96
8 44
34 84
54 95
1 58
35 92
67 79
17 86
26 54
21 66
24 27
13 43
22 45
33 76
41 49
93 98
34 59
30 40
12 91
2 6
30 41
67 75
14 81
20 59
6 81
26 36
57 79
33 47
94 98
2 10
11 27
43 76
19 39
1 57
38 85
14 55
10 58
79 88
34 78
36 49
22 91
12 44
19 93
66 72
13 91
44 65
13 53
15 73
1 73
65 79
64 87
42 42
23 100
40 68
68 84
12 71
27 75
33 79
18 78
18 52
26 87
76 85
4 64
46 48
75 76
29 98
60 61
9 93
55 96
4 15
40 43
59 79
41 87
41 48
7 26
76 78
13 73
1 34
58 77
29 85
1 20
25 62
80 80
37 62
33 92
33 90
60 100
33 53
9 27
76 96
81 95
31 76
49 69
20 43
6 61
1 60
38 38
48 81
46 63
20 60
58 63
33 63
17 51
67 86
7 43
23 68
8 92
74 76
24 49
19 25
2 99
14 35
63 67
18 94
64 80
39 84
11 100
2 78
19 83
20 96
8 49
32 76
40 69
53 61
35 91
75 78
39 73
11 33
19 78
37 69
47 65
21 47
22 42
31 100
81 87
49 54
19 46
38 80
88 96
69 100
41 51
79 99
18 32
44 53
68 73
13 40
48 49
11 67
17 33
71 72
16 31
34 80
42 43
42 49
5 87
48 61
41 43
46 52
5 26
12 19
38 100
16 52
86 94
55 74
35 46
41 89
52 87
53 100
26 27
51 91
50 85
2 93
22 60
49 49
3 70
35 88
47 63
28 62
16 76
22 70
10 43
7 56
70 71
65 95
22 30
37 54
51 74
36 53
28 96
13 99
62 66
46 50
7 33
49 56
25 53
5 41
4 31
45 68
19 34
11 57
26 55
43 71
29 69
50 97
65 100
12 56
17 18
48 90
21 25
33 72
3 35
3 41
42 46
44 83
26 81
8 46
43 88
43 90
26 35
5 11
57 100
19 74
7 59
80 93
40 51
9 34
30 43
56 66
54 55
69 77
74 83
15 84
11 65
24 60
29 72
62 75
9 100
48 65
1 24
22 38
9 30
28 65
15 53
26 59
12 90
15 20
42 89
11 61
25 40
2 90
41 59
81 89
32 67
10 68
65 66
25 41
44 80
18 49
67 99
7 79
57 95
62 70
11 17
21 75
74 97
14 19
83 95
14 46
11 83
35 54
77 87
55 61
13 45
42 93
30 54
4 61
95 96
36 93
93 94
28 46
68 68
50 89
10 56
58 75
19 81
25 57
15 94
49 80
3 58
66 98
11 79
21 57
31 43
10 57
9 10
40 62
25 39
40 60
53 62
32 94
38 41
26 52
62 79
17 74
33 86
16 21
25 28
69 80
6 29
6 46
9 63
40 44
46 90
46 77
20 91
4 75
28 80
35 56
86 96
17 22
95 97
22 40
17 84
53 59
5 18
41 72
35 87
2 68
68 72
21 63
25 91
14 79
32 95
48 87
31 94
60 86
79 100
12 52
48 70
34 69
16 77
1 8
57 82
72 79
18 18
61 91
6 65
79 94
33 52
9 32
6 60
40 85
6 6
63 82
53 81
20 100
9 26
28 32
80 100
28 86
36 69
7 61
11 82
16 80
49 93
13 13
18 40
35 77
52 74
28 78
31 93
15 44
34 77
6 43
23 23
13 100
12 81
6 68
50 80
54 92
34 48
9 25
6 86
47 49
42 51
19 94
24 69
44 100
42 77
35 70
18 21
39 52
45 55
39 62
10 82
36 91
71 75
7 65
5 45
42 53
9 24
14 78
26 65
32 62
53 53
2 18
25 43
20 29
77 100
58 68
63 68
22 39
43 81
58 99
24 51
12 22
39 74
61 92
34 60
7 46
13 72
48 59
16 17
36 81
32 41
31 61
26 28
46 92
63 77
6 47
14 99
21 29
12 98
43 72
48 80
17 89
17 67
14 74
26 48
20 38
11 12
6 15
8 51
35 71
11 11
14 86
6 98
14 31
5 81
21 40
45 99
4 29
7 44
6 13
87 98
7 69
74 89
42 79
59 96
11 46
15 97
57 61
35 82
79 87
8 34
6 45
56 68
46 65
16 91
43 66
50 64
1 3
43 74
14 34
9 49
45 85
56 77
24 100
25 70
83 93
40 58
37 39
20 21
21 24
8 31
31 69
1 5
48 63
16 53
24 90
7 76
82 95
30 96
5 98
52 70
90 97
44 68
71 93
76 98
88 98
21 22
24 79
65 83
16 96
34 66
5 6
27 34
18 19
24 77
8 69
13 69
15 91
12 27
66 78
30 99
6 18
45 71
43 92
32 46
31 55
