99 4950
soeqxmmlaessssjkjxymicxpakmpwjyszrajgqruxmsrufrqpe
qdexqceyxbssjigklevmdwssssssssecldedqcngssrytbawzy
ssssguurhyssssicanxqjxussssionrdrhgdwottyntkbwzgws
sscqxwvpozrhvrxlbwpfpgmednacjrzsszwgeyjsxtpltettwq
sssssokquczggmfglcbpjgtjssssssqwrqoadctssslhdhgsss
sssmmznbssssyglfkofxdgqssixenjkiwxausynwbwewyepsss
sssssaejphvlofrikessxtlnnsssssssnlpljfbpwliggjusss
ssssssspvlpdxssssssssssspgzgjlifsskoymahosslncexma
ssqvypssssrahggxcemassssssssssslzhjlssssssssssssss
ssssssssqhjqssssfzdbcunvbapyhojwnvysssssoidfnmjzss
sspbkaosseoynrulkmyatsseyjxgigcuqnlingpgxiwkcfssss
sssvvnwjzgxxurapzsssssdwtrjsrccodfcuqjwxjpjllsssss
zwogkxmytomksssssgjtojnsssssxztrldxqssssreoapletls
sssssssbainnmzssokbpssqczhbtsssssazkplichsssssssss
sssssssssqmfmrsssssssssssssssssssyuluurpwyyvssssss
seqoyutgfdcyymgxzhsssssssssssssssssssssailcsssssss
sssssarkmxpfkdfskkvlbdossssryxqltuzmssssjctqisssss
sssssssssssqxzhurssssssssbgvvwouovbssccjittqisssss
sssssjfinblgguvyssssssmepwsssssneuvissssssshuqvfgm
ssssscuxhkibkhqsseijxebbdqzhrkaumafkyssssxoiosssss
ssmctusssssssssssssatvamsssssssssssssssssryanbwjru
bqehmlmyosxxkrqfqofprqbsojleaktcdoklwwhqesslofzjwl
ssxuonbbfltxmfnglwyyctssssuntmzywuggedixsnozmassss
ssssssssssssssssssssbwhyfsssssssssssssjeckcxcndvss
sssssssssfvvpgnaubsnicgwmmasssssssssssssssssssssss
sssssssssssviopcupuzqesssokarhvpftysssssssssssgtpk
ffdpoemqqepuppvvsssssssssbjvvykgqgoasssehwvjytbkbs
ssssssssueihsssssqjxycoisssssssssscumykzrhwdlsssss
wlmxpdtedjofybkwssssssssssvzmxiumvzfxbaufzfrelssss
ssmtfzgkjotqxxtpvabsrteoarcssszllfbkvsssssscwulsss
arppycrueskfxqssssoodjvhhaargkbwlmkmgnucnusxkegnkc
sssswlbnpfkislawokmvsssorqpsssshmcqzwoodndddduougc
ssssvdkccxoxcjpabsssssgzacghlssssnvxzwowstockfrsss
srlnzmuoyxnechvobgajavzwgkpxzruaqssztqzxxbhxiessss
ssssssssssssgzioapsssssssssssbfezjcfjassssssssssss
slixkyioessevtnmyppssssssswivchxgwsssssmcaggssssss
ssssxzwygurbjjwssssssssssidhdyehacssssssssssssssss
ssssssssssstnlzbqlheissnbeehssssssssssssssssssssss
ssssssssssssssssssssssssssssssssssssssssssssssssss
evxjnbyfeysssxiihpzxkssssssstjttgfumulmkdjbcqrvhtv
opovssssssssaqqloidesssssssssxlbwomezssqaepujfisss
ikguxbdussnouymgfsbdibtspbyzdgfzblesssxzfyrbobfsss
sssssssssssssssssssssssssssspyrdycaccsssssssssssss
bqphsssssuwcbiosbagdpysyzjgqlrklnggmcxmzpgqiekyqns
scvpouzgsssssssssskxanecolqssybrcmjdmlssssssshugus
tayfhilnzqmitmlfakqgvlantpallopmqoyqbuppsrrrzrlnns
sssgpgqpghnwjnssssmqxnihlsssssssssssssscycaiikkwbs
sssqryusssyfjanksugkpbhlccdcqbeilpxenssamukrjxnyos
ssssiapvusssovlfkaphxbskovbvgifcssssssdvlrajowfhss
sssrorfnfitrihnjpgopoenlzwkjxiosssgkpzxzbqoxuolfus
spmrkqnvasssssssssaojubbgmzbqxisssscjftfmcssssssss
sssssssserjugdtvnyssssssrlpztbvfigpcsqqoquuxhwssss
tlxwtbnwyplssssiodqlrnlyssssssqcpkrsguajaxssssssss
qaaakjrsssssssgavrtvpvltschnfucozsssssssssssssbfhp
ssjctddjoncxzmsssssswvnmnliduusssssdbygmokmgwbdddi
sssslpptikfecgkokpgfbwssssssrvuessobqwwwqpvhmtlvms
sssssssswyjlfmdlkmsssssssssltahkusssyvcjsskcfwdcxm
ssssssssudkxicwzxgsssssakxiyopkenvssssiijdyxtenvzy
ssygjhyjynmydlhqnsqpobwessssssdjilqlssssssspzwbsss
ssssiixqivmijqpbdwbulxgxpxgpnawssssssixybdbsssssss
sscmpdqaoqhasituumfmihossegdlwhxumltmyadorxwntgsss
ssfalhpyoppilssehlcsssssstnmawdtepssssoufxkgssssss
sssssssssssrhirrqdussssnjzmvssssssssssssssssssssss
shzpjwmzwhifjupnrbtffqssswmxkarxrojsolrxlabelrxyig
sebhtohlacefsswfiakakszffpjolgikfjejjsdnnuvknwwovs
sjtnbncbrjllnkyxsszjmzacjdtvwjalsssvvupikemnyvssss
ssssssssssssnqrtgdlsssssssyxoxrossazcihczdcissssss
sssssssssssssssmluujtmlpsssssssjiddtfqtehsssstwxye
sseairvnayuafsqmekakcrhtfczkmssssssssssklfqdmkqsss
ssgptqwsaffmjlmsohqvlkbhscplgenetdanvgbwaxpovhssss
domgbkozwessojfwxvvoolfssssssgowrtavmwlarmdhuckxss
ssssmmywdcxhayavzuyxduzjyuedosdlmevuassxpbletfgsss
svgzqbcyykgksssssszeuzvgfdfynwqdimsssyruvvqaezetbs
cpnwvejklhkdjklfssshfxrsonpqlcamsssmfenrmjctlsssss
sssssssssssssssssssssssshanckaikrssssssssssrohhrss
ssssxfolmvogypsfigkkabtzdzslkyhcdmavqssssaqjxwwzjs
sssouausrqhwdvnblyssssssssssssjnrzghwxssssimitssss
kinaonzesssssagqkaeiwpsrgtippjztsshngbvsfezywepcvw
sssssmqvmmnijtoysssssssswlhmsssmaovrssssssspqkhass
sssssssssssssxcvzwsssssssdyauuuddkssssssssssssssss
ssssssssssssssssssssssssssmyknqcfopbgsssssssssssss
ssssssssssssssssonjqtyqmngdlpjasshzvlooaodssssssss
ssssssssssssssssssssssssssssssssssssssvtimssssssss
sssvpjaghsssedyzfvuoegmsssshkaaosbcgndbjssuwhwbyss
sptqbvjdlhxnssssssfanjofvpahbpsvjdcfapasssssssssss
xlroksssdxvizucxiyokohkorqsdglrcsseroawwiucwhatcnk
sbxygnproimhgeoqweelvbosssssfbcdzbmsssssssssssssss
sssssssuhqivlsssssssssidgqkgcodvdbwqnqsaljpsssssss
mekdvvnsseokxinixbohiaapteupqlvczssssioydxetnyysss
ssssrpwrpmbxsssvgxpkssfwmvpmvbwkhsssssssssssssssss
ssssssszebjkzobcsssssctaasgaohssssfbbkjqrggpzqfxvs
ssssshlrcyysssssssssssssssssssssssssknvcolrvaiksss
ssssssssuuuttxvyplvssssqkxqhgsssssshqdktssssssssss
sszqupuizhxgxoojatqogyilhshajqytritydppvalasssssss
emmqvmjssssjeiyrvepssvdlhssssssneqajtowgmsssjlxgyk
ssssssssssswgwuatcuablsssssssssssiaalsssssssssssss
sssssssssssssstyleasssssssssssssnzktmmfzaelipuwuks
sssssssstirwzeqejeqsssssssyrpwxgyjcohftbsknklsssss
ssssssssssfyjnssssssvyprssssssssssssssssssssssssss
17 22
73 79
1 79
45 66
26 41
7 30
26 54
14 26
1 36
68 85
4 49
11 34
19 91
39 47
63 69
17 83
2 37
15 16
94 95
18 58
50 57
3 11
40 61
3 24
57 76
75 86
3 69
44 68
18 26
9 82
9 14
12 25
15 18
70 76
52 62
3 29
37 76
16 36
69 99
58 60
14 28
47 52
34 61
62 73
14 21
9 31
2 72
37 95
61 92
60 94
18 70
75 91
44 98
46 97
2 26
53 61
1 12
18 57
16 16
19 47
18 85
4 47
26 39
34 99
42 81
49 68
6 28
72 91
23 70
50 55
37 56
25 64
92 96
2 41
64 83
28 63
51 66
70 73
18 25
83 97
61 71
13 52
30 41
15 20
39 75
71 81
42 87
79 84
48 62
81 88
66 83
1 16
32 62
55 73
20 31
76 88
34 62
24 65
46 99
4 74
55 69
8 93
34 75
9 88
52 89
55 94
25 52
29 68
58 98
18 80
42 59
11 71
20 71
17 82
21 51
66 95
81 98
17 62
24 95
97 97
37 91
64 76
35 35
28 79
44 58
2 82
34 88
43 64
38 87
5 86
1 68
80 97
42 92
39 82
44 90
46 50
43 44
32 51
30 51
47 82
48 66
14 58
20 38
7 35
12 84
41 47
30 77
35 44
19 51
59 61
20 36
38 64
47 97
44 96
23 96
9 39
25 59
26 26
40 55
44 70
28 59
5 34
25 45
10 69
58 96
78 99
77 82
17 73
82 99
36 92
1 6
47 65
22 25
72 77
26 80
64 81
37 80
58 63
40 66
9 78
75 82
13 91
33 38
20 56
13 14
52 66
41 66
8 63
62 68
20 91
5 88
39 91
33 73
5 50
13 65
64 69
43 97
60 66
23 99
13 63
64 70
6 89
44 87
39 45
4 13
38 71
62 77
15 89
38 79
29 30
2 99
64 95
12 87
5 91
39 52
20 89
16 42
13 72
33 33
12 52
73 80
67 99
8 96
33 62
7 38
45 84
50 92
93 93
55 72
58 77
9 71
19 84
31 68
38 68
62 72
73 92
62 66
20 43
15 80
65 87
23 83
14 59
8 72
2 17
79 88
9 21
41 69
58 69
3 5
41 50
60 77
21 99
19 56
57 58
49 98
1 72
27 63
8 32
7 58
33 51
34 97
6 26
56 96
36 44
11 96
20 67
44 82
74 78
40 74
5 93
42 99
24 97
15 49
80 88
4 62
44 54
85 85
12 17
19 90
49 63
55 64
27 39
31 96
2 33
72 78
15 96
26 64
1 32
24 48
48 57
1 60
39 94
62 84
19 87
9 24
41 85
43 53
53 53
35 39
3 25
6 64
13 36
12 56
62 64
24 67
32 36
24 30
4 76
1 20
23 86
17 32
46 55
1 44
22 41
6 47
49 59
25 46
52 86
8 83
58 72
7 40
71 77
4 99
30 33
38 90
7 98
21 24
34 76
82 91
76 76
40 93
56 78
25 72
64 71
34 51
28 65
37 97
40 83
64 84
65 93
72 96
45 81
4 51
1 24
73 81
1 29
28 49
9 40
12 27
40 81
9 50
3 19
61 68
77 79
26 34
37 62
12 66
31 51
81 94
20 63
36 62
4 87
16 20
47 85
16 60
21 25
24 52
34 92
27 88
6 17
41 51
9 76
62 88
71 72
17 64
67 73
67 93
57 85
65 85
61 99
21 47
86 89
30 40
39 65
50 89
24 34
12 13
50 99
50 69
50 97
85 88
32 85
54 86
25 57
23 42
36 89
11 76
40 53
16 90
45 78
47 72
28 47
29 90
10 92
51 84
26 57
57 68
68 97
53 97
43 62
90 93
38 40
27 56
24 40
89 97
31 73
28 43
49 69
66 72
15 31
72 76
38 89
14 35
7 78
65 82
45 47
31 80
49 75
11 74
61 79
46 67
16 77
46 89
31 43
16 39
40 99
26 48
10 80
59 62
9 46
44 48
5 58
78 83
11 25
63 83
59 87
3 58
72 87
4 52
48 97
76 99
18 49
14 95
36 47
25 77
45 90
6 56
3 37
10 41
30 31
30 81
8 35
16 31
71 91
8 10
90 95
7 89
58 85
23 27
22 78
28 75
18 54
70 90
58 76
68 95
69 92
71 92
53 93
18 22
70 93
25 89
67 81
78 95
10 48
47 74
36 83
14 73
45 57
9 79
32 55
38 84
38 67
22 32
82 93
16 63
50 83
81 92
6 32
61 62
36 93
59 72
72 85
13 69
29 36
44 94
28 32
31 75
51 96
38 51
38 98
28 99
60 83
21 35
18 37
35 77
63 79
22 28
50 50
26 83
28 91
2 19
14 92
1 18
20 29
54 95
7 27
38 66
12 46
19 42
42 84
21 46
16 40
6 38
63 85
22 33
39 70
7 85
16 68
5 96
30 45
52 69
65 83
33 34
21 71
6 91
18 50
73 76
19 36
53 82
42 90
12 78
45 67
23 79
41 59
11 39
4 14
20 92
12 63
15 73
14 52
13 67
54 74
35 60
38 83
14 83
79 95
4 53
90 92
37 54
22 53
48 98
28 73
59 60
70 78
25 51
40 47
15 63
54 85
37 88
2 10
2 29
35 65
23 60
22 69
5 31
62 85
48 79
41 60
65 69
41 74
5 24
29 84
17 81
28 51
42 44
40 94
37 84
20 27
28 85
35 79
9 77
4 93
41 57
79 94
30 78
1 65
66 79
38 62
69 89
31 39
48 85
16 75
18 67
9 43
23 51
35 89
5 52
3 79
11 97
21 65
52 85
63 73
23 48
33 76
23 66
28 38
41 52
34 83
12 81
47 99
28 58
73 75
64 99
20 76
54 96
10 59
14 86
61 98
9 17
22 52
1 57
46 59
57 62
32 95
39 87
22 36
39 93
38 39
17 37
83 83
73 83
27 49
8 91
63 95
26 73
87 98
21 89
16 54
29 78
8 98
41 44
15 29
23 56
38 59
77 86
54 99
67 89
2 66
53 81
26 38
20 40
86 94
2 23
31 38
16 41
56 94
27 78
91 98
2 68
43 52
13 62
20 83
38 43
11 52
47 50
50 62
42 46
60 68
11 78
15 85
12 33
47 86
52 67
11 11
42 50
21 32
75 78
4 95
52 77
8 27
22 38
6 40
25 40
61 70
17 58
1 96
9 68
9 83
2 9
57 57
92 95
20 21
38 56
10 54
9 37
1 91
18 68
12 30
76 82
17 40
64 96
50 72
56 73
49 78
89 96
42 73
51 63
2 57
69 74
71 78
19 82
26 88
65 66
4 55
56 77
5 73
2 69
71 97
24 32
70 92
26 46
31 91
9 75
25 39
41 64
75 77
2 38
21 56
17 51
55 88
38 81
72 94
42 94
37 74
40 73
28 69
29 73
75 89
25 91
17 90
7 14
5 85
38 76
37 37
27 90
69 82
16 99
57 95
35 66
15 50
51 82
10 36
19 83
24 27
3 35
35 83
36 60
43 43
41 97
23 80
8 46
15 87
26 65
21 94
16 64
43 49
20 96
35 42
67 70
46 71
47 84
31 62
39 73
29 79
18 20
98 99
53 86
39 74
3 47
53 75
19 86
65 80
4 23
5 62
61 78
9 55
16 19
19 19
84 86
96 96
79 97
5 87
31 40
10 88
43 48
12 68
15 55
20 80
19 54
14 81
50 91
64 90
84 99
40 84
51 95
7 17
13 60
31 46
43 59
56 86
14 45
30 34
43 45
24 45
52 80
30 87
10 66
72 79
28 88
83 84
15 23
90 96
74 93
36 53
29 77
81 96
34 52
22 48
5 90
8 8
4 94
58 75
85 95
34 91
13 54
45 91
60 84
61 89
12 73
62 67
2 21
4 54
14 16
74 84
11 93
33 79
31 59
2 71
3 44
29 98
37 86
9 41
89 99
30 39
15 30
3 77
26 86
20 46
28 98
85 98
6 50
11 77
13 43
3 41
46 90
19 31
23 47
38 50
1 97
71 79
4 43
20 34
10 46
34 53
40 91
50 59
53 56
36 86
23 57
82 92
23 76
50 98
12 59
14 17
42 96
28 81
26 52
4 58
17 63
30 99
33 80
36 41
74 76
28 78
4 5
14 75
37 81
15 38
20 25
31 69
2 77
12 51
24 49
2 52
57 94
5 28
48 54
75 76
7 52
28 62
77 95
12 64
9 47
45 56
8 66
5 46
22 85
15 19
66 93
68 78
3 43
73 77
2 5
14 93
17 31
28 29
61 91
16 26
25 49
44 45
63 81
20 85
13 61
41 90
24 99
22 58
82 97
5 35
13 56
13 48
30 55
8 84
66 69
27 33
17 68
11 28
30 50
2 48
17 65
8 53
22 39
55 59
5 97
1 33
34 36
64 97
16 58
12 92
16 91
56 71
22 31
40 52
45 92
86 86
4 12
66 85
8 73
27 70
6 95
78 78
31 63
41 65
45 70
16 47
18 43
45 79
16 97
60 79
31 95
11 87
36 36
42 62
16 49
42 98
26 51
43 63
33 50
70 70
22 46
30 49
10 19
31 58
19 78
60 91
71 95
34 60
21 57
61 80
9 30
17 35
73 99
58 67
11 99
36 96
1 58
17 41
76 91
89 94
37 50
35 82
14 15
40 82
21 52
80 89
24 76
27 53
13 37
45 73
74 75
6 69
24 93
32 50
70 82
69 69
16 52
11 23
55 77
13 40
35 58
35 56
15 17
33 49
19 72
8 40
6 46
90 99
24 94
24 66
20 52
18 47
3 63
36 70
6 74
41 72
4 64
15 21
16 72
45 63
9 91
12 99
27 47
29 58
63 67
51 90
5 18
8 58
29 35
62 90
28 44
35 97
26 96
20 95
34 93
6 59
20 87
23 75
13 35
1 15
13 80
4 65
19 48
36 50
41 75
90 98
59 96
7 94
49 65
27 94
86 93
22 55
60 60
41 68
14 74
39 72
11 57
2 50
57 92
79 80
73 97
65 71
7 73
75 99
3 42
50 73
53 77
15 47
66 80
21 49
26 50
13 46
43 85
38 47
22 24
93 96
33 77
17 30
22 27
7 26
15 68
70 80
21 90
70 85
72 99
34 90
32 82
8 54
25 86
33 67
75 80
4 44
23 30
25 43
61 67
80 82
24 42
55 91
93 94
57 71
33 66
46 87
27 32
66 96
7 10
78 94
22 90
34 73
4 17
57 60
8 19
47 88
62 95
70 94
40 96
30 48
11 66
59 90
10 70
11 50
14 18
40 95
21 97
26 43
15 35
19 57
11 67
25 99
2 97
64 87
17 86
29 65
24 89
24 25
57 83
2 84
40 56
2 49
1 94
26 98
52 59
33 99
5 17
30 59
68 77
25 98
64 74
16 51
44 59
66 66
25 80
29 99
48 50
35 48
38 91
62 75
40 78
27 35
74 79
16 25
56 90
11 65
55 98
55 58
32 93
57 91
6 18
62 93
59 99
6 44
16 55
27 76
83 93
26 95
30 58
1 46
42 53
56 66
7 25
16 37
44 65
30 56
29 85
18 36
78 88
12 14
65 79
69 81
17 97
31 94
25 82
31 83
50 80
25 63
26 90
24 56
14 88
4 63
33 91
25 88
58 68
76 83
26 79
10 65
52 58
26 82
35 91
43 75
9 53
12 16
18 98
16 69
51 93
18 75
1 55
21 78
7 80
54 88
62 92
48 86
10 82
12 47
96 98
4 37
88 89
5 38
53 89
11 48
59 93
49 95
49 71
20 23
86 98
40 76
47 98
21 61
35 63
70 99
17 61
28 87
30 43
37 79
60 70
25 42
56 68
6 97
71 84
64 80
7 15
9 35
24 86
8 47
54 78
10 61
16 45
23 97
6 77
76 81
35 88
16 84
79 86
32 71
19 61
16 44
9 42
11 86
25 38
98 98
36 45
21 31
5 14
38 74
83 87
26 42
81 87
74 89
70 98
4 97
39 69
86 95
12 29
41 80
57 73
67 88
50 96
4 19
48 94
61 97
14 60
6 14
9 54
7 24
72 84
72 83
7 29
61 63
85 94
85 93
15 54
46 58
55 81
18 86
62 80
7 44
7 69
46 63
29 88
23 68
1 59
22 95
18 74
41 92
11 35
44 55
40 45
66 90
31 70
73 87
68 75
48 51
3 45
23 92
2 25
9 69
26 81
14 82
3 20
17 71
1 87
44 57
46 46
7 56
30 86
9 86
9 45
1 76
19 25
42 80
78 79
29 49
1 83
54 58
68 76
4 77
23 41
50 56
86 88
16 87
20 78
46 69
20 39
33 82
4 8
28 76
20 41
10 17
53 95
12 91
63 68
12 23
11 83
77 85
1 90
14 90
17 24
7 28
51 78
33 74
1 62
79 92
18 90
10 63
19 46
60 93
33 64
86 99
34 96
53 83
14 94
76 95
58 61
5 67
54 56
15 72
59 91
45 86
55 83
2 64
28 86
37 83
59 71
3 40
6 73
34 81
18 55
36 87
9 73
23 71
28 39
37 39
55 60
95 98
76 90
8 52
82 85
45 53
23 24
31 49
17 54
67 94
27 68
74 85
12 70
15 33
30 93
53 71
4 29
5 43
47 90
50 71
43 46
22 50
6 25
39 44
12 26
42 76
17 69
12 96
43 58
43 89
28 83
32 44
52 92
16 89
65 72
16 88
68 86
23 91
10 12
52 97
17 21
35 67
1 61
56 74
41 56
41 83
16 96
1 73
40 40
79 82
5 20
85 97
91 97
67 85
23 26
63 63
7 62
1 47
13 84
16 78
9 96
64 72
44 67
44 62
61 88
9 63
36 43
4 32
13 93
17 85
19 67
11 17
35 71
7 63
17 53
19 85
83 99
23 37
58 74
6 80
13 33
45 72
39 51
9 87
38 97
49 55
51 57
31 44
77 89
49 96
19 21
10 75
75 84
18 24
63 70
42 79
46 82
74 74
42 58
45 62
60 90
15 59
37 93
10 53
86 90
36 40
57 89
44 52
80 84
78 90
8 59
6 75
9 72
7 95
3 98
38 93
18 45
87 87
55 80
9 67
17 95
17 56
2 22
15 86
49 97
83 86
92 93
20 33
34 41
78 96
27 81
59 82
57 79
2 34
10 32
52 63
4 92
5 40
37 42
59 80
52 53
87 95
19 30
13 49
9 98
48 96
2 45
26 49
1 48
81 99
1 1
33 87
60 64
34 98
28 33
32 56
3 36
42 75
61 66
23 89
84 84
11 36
11 63
31 37
40 42
7 20
22 86
44 53
8 68
59 66
20 79
28 60
9 33
66 84
20 81
8 13
29 67
27 73
10 29
49 57
34 57
30 94
32 96
9 52
54 98
15 91
60 89
26 71
23 78
3 76
19 92
24 57
25 76
13 97
50 58
68 90
35 80
64 78
64 92
87 91
39 86
53 73
6 70
80 83
55 68
6 10
1 21
34 87
1 84
11 22
29 29
49 87
24 36
80 80
21 36
43 87
4 25
95 99
64 88
45 48
69 97
40 49
50 76
47 62
7 23
59 59
3 61
1 25
25 28
21 85
2 81
78 80
29 81
79 91
7 48
37 98
75 75
34 74
2 39
23 61
68 93
12 79
72 93
31 92
31 36
51 79
2 47
10 45
11 21
15 83
28 54
36 75
44 75
60 76
4 45
28 90
5 39
65 98
59 83
53 69
24 85
56 76
1 85
52 73
60 86
31 42
34 37
12 97
44 95
1 99
21 75
41 86
7 97
18 96
47 95
58 88
56 56
63 98
2 51
39 39
31 87
36 81
80 91
42 64
40 43
76 77
75 83
27 55
13 24
3 52
31 41
92 92
10 71
19 39
1 93
20 74
41 48
93 95
2 20
9 48
34 82
32 64
8 81
50 66
9 23
5 55
6 42
24 80
39 83
45 76
3 53
6 51
71 88
42 72
48 68
30 52
46 48
28 30
82 83
56 83
22 67
35 62
2 14
3 96
51 51
27 57
15 93
43 86
8 30
4 96
74 90
67 71
10 27
57 65
15 22
37 45
7 46
74 81
33 88
53 80
35 73
37 61
19 77
23 63
31 35
35 87
21 55
29 87
3 88
9 34
55 87
25 54
29 93
28 48
35 85
99 99
75 94
26 94
83 92
17 98
22 92
26 87
36 97
44 99
66 97
19 28
14 33
73 91
41 55
15 15
12 89
37 47
24 96
57 88
2 75
19 24
18 81
15 98
65 75
9 9
70 72
36 77
48 82
52 71
89 92
6 86
66 99
47 57
60 78
3 70
33 85
21 39
39 67
9 19
28 64
14 80
10 31
37 69
36 56
76 92
85 86
17 89
36 90
40 85
88 88
57 78
45 52
47 71
40 62
4 27
13 44
11 70
17 26
58 92
1 81
80 90
29 63
44 80
74 98
76 93
3 16
56 72
30 95
34 70
15 74
22 40
57 63
24 83
49 94
11 85
1 70
45 49
9 49
42 47
23 45
18 95
56 87
8 43
45 58
26 67
5 79
9 70
38 46
45 50
34 65
14 77
10 38
5 10
13 50
11 53
22 97
3 94
8 60
34 84
43 69
14 51
4 84
12 37
10 43
59 74
18 99
12 69
29 72
15 32
13 77
22 47
31 45
10 14
7 34
69 84
6 62
18 92
50 68
54 80
35 53
15 90
15 42
13 94
3 91
55 82
50 74
69 77
17 93
6 58
65 67
86 87
10 18
14 49
56 93
35 74
3 21
34 44
62 83
34 50
63 90
13 96
18 87
30 82
2 95
1 27
14 43
68 68
59 65
47 69
33 96
42 54
27 45
7 33
11 69
38 82
36 80
33 72
13 57
40 69
4 35
7 54
5 32
30 44
8 55
22 94
13 21
59 88
34 42
70 89
59 85
75 88
80 87
65 97
7 59
67 83
12 80
20 99
16 81
30 97
73 89
17 57
1 4
9 36
56 84
47 58
19 33
38 41
29 54
65 77
22 98
2 7
4 18
24 72
17 45
74 91
6 29
42 93
16 29
7 36
59 70
56 89
25 48
68 92
11 64
14 53
26 35
30 61
39 53
20 53
4 79
8 24
4 71
49 90
1 8
39 54
59 68
30 85
48 59
73 86
24 61
73 98
31 52
27 75
76 86
27 95
5 44
62 86
61 77
25 55
19 35
41 61
10 81
13 19
3 99
7 87
38 70
38 85
20 61
87 89
14 19
37 41
37 87
38 48
53 78
24 77
46 51
32 43
29 94
63 65
72 86
46 77
65 94
30 30
4 38
38 78
2 16
88 90
1 30
2 92
22 60
32 39
44 73
44 51
21 72
6 60
62 99
15 40
22 54
54 81
20 49
3 90
47 48
47 47
66 89
76 80
70 84
21 68
3 15
3 18
53 66
42 74
7 83
4 68
15 44
46 70
23 88
75 85
50 53
14 30
6 61
91 94
1 10
27 72
21 37
23 93
22 80
34 55
59 63
83 85
16 57
67 77
31 76
34 80
61 86
49 74
4 30
24 75
4 39
12 55
17 67
8 75
59 67
49 70
15 76
10 15
8 51
41 78
16 43
67 80
10 85
58 70
6 96
58 64
48 58
22 87
27 74
12 83
5 66
20 22
6 30
9 13
8 69
63 93
17 42
13 90
33 40
3 59
87 96
63 92
58 84
35 50
1 77
47 61
12 88
35 46
4 40
59 64
80 95
20 98
29 55
10 67
10 83
22 82
2 70
32 92
9 56
37 94
46 88
11 47
37 52
36 76
17 70
80 85
49 61
60 69
3 80
39 90
72 90
6 93
79 93
18 51
32 94
9 11
42 56
8 85
14 78
7 81
1 5
33 53
18 30
19 34
74 80
34 71
37 58
12 19
45 54
84 85
30 76
33 46
30 69
44 88
3 17
27 27
18 93
42 85
45 61
2 4
47 81
14 44
53 84
60 65
5 9
23 94
2 13
68 99
58 86
42 60
88 91
21 66
27 67
32 87
15 99
63 66
21 28
33 86
21 58
5 48
63 76
16 46
31 78
3 8
58 66
2 11
12 41
47 54
21 76
33 78
54 72
8 56
47 77
44 77
24 74
46 66
25 90
18 79
36 42
11 31
16 70
12 58
6 81
17 96
4 66
11 13
11 98
1 98
35 94
17 92
18 44
81 85
19 52
33 95
61 84
23 98
2 42
3 83
2 59
51 81
56 63
21 33
15 67
53 63
26 68
7 7
39 68
16 93
16 61
83 95
61 94
90 91
57 82
55 92
61 75
5 33
62 65
51 73
23 52
33 41
43 73
41 58
63 71
67 98
25 74
1 80
2 6
27 40
51 55
60 96
79 99
18 52
14 69
19 50
39 96
10 24
46 80
38 94
12 53
24 24
28 92
11 68
40 88
67 78
37 77
40 50
33 47
30 63
12 24
44 50
78 93
7 65
23 90
92 99
23 55
43 68
28 68
67 91
51 94
13 89
69 91
3 62
62 71
77 93
38 45
36 94
15 69
14 38
8 64
12 48
44 92
45 74
41 53
42 95
52 76
33 48
6 68
26 31
65 76
11 80
33 39
70 88
35 69
27 99
29 75
40 80
17 72
15 64
29 91
10 56
42 83
36 79
27 37
62 69
25 44
1 41
64 86
5 81
25 25
5 53
53 96
32 34
18 69
38 80
31 97
51 77
51 53
19 20
14 27
2 40
83 88
11 40
61 82
70 74
12 43
66 91
41 77
76 89
10 35
56 75
60 74
17 34
57 74
66 87
54 59
43 71
36 61
21 73
61 83
7 93
43 74
15 36
34 66
85 87
2 63
47 68
30 90
19 70
86 92
11 88
2 74
7 49
29 76
10 93
27 29
97 98
10 25
4 90
12 49
2 83
20 73
75 90
18 94
25 27
77 83
15 25
24 44
66 71
63 82
24 55
4 31
61 65
17 80
21 42
11 73
52 75
35 90
53 57
67 67
37 44
23 43
10 79
36 82
5 5
49 67
49 64
23 49
2 15
22 76
43 55
77 84
14 54
39 60
48 64
8 87
83 90
17 76
32 65
62 81
88 94
1 22
3 46
34 85
41 67
58 89
47 83
31 65
38 53
29 31
77 88
1 78
24 81
29 56
38 63
25 60
9 29
4 89
40 92
32 60
43 60
53 54
32 90
69 70
18 28
50 87
24 51
22 57
54 63
58 83
32 70
16 22
74 82
64 94
48 91
9 90
19 26
53 70
43 65
3 56
71 90
48 75
27 60
22 84
59 98
34 63
47 70
8 34
58 71
5 51
59 75
52 83
68 87
46 56
7 82
3 82
86 96
15 65
75 93
3 75
59 78
48 77
14 91
8 29
25 53
14 22
15 92
68 83
49 52
67 95
55 65
84 87
10 91
60 72
20 94
35 36
51 92
50 82
13 26
16 38
60 81
26 30
18 77
38 88
72 92
71 94
65 96
21 79
27 71
49 66
3 4
4 24
14 57
54 76
1 69
30 65
66 70
36 69
4 42
64 68
10 89
9 95
25 41
68 69
25 81
4 34
54 64
32 79
8 21
35 43
4 15
73 90
41 79
34 47
23 28
5 89
17 38
24 70
15 70
72 88
44 72
57 64
20 51
13 68
7 86
33 44
63 80
85 99
65 78
52 70
1 37
41 76
4 72
73 74
62 97
88 95
66 94
33 55
2 35
16 32
2 2
28 74
19 38
13 59
42 55
4 50
74 86
24 35
62 82
43 96
34 56
10 20
42 61
54 55
24 29
81 89
51 83
8 78
35 47
3 74
37 85
11 12
75 96
18 31
69 95
43 93
39 62
46 73
43 66
53 87
51 91
20 86
21 82
46 78
27 93
48 67
51 64
45 69
44 60
69 79
67 97
27 38
74 96
26 58
71 73
58 82
7 68
25 36
7 61
60 62
36 72
36 71
30 68
3 86
24 91
32 47
11 44
33 92
46 96
1 67
7 79
23 46
50 54
51 80
34 89
68 80
11 43
67 96
38 96
48 63
8 28
13 95
17 78
37 67
53 58
52 57
33 94
31 66
21 92
10 26
45 46
54 69
3 78
36 63
10 68
32 57
2 27
53 72
8 62
25 97
32 54
13 32
41 84
70 81
46 85
25 47
33 52
20 70
29 37
1 75
68 91
31 74
47 55
8 94
6 39
2 85
18 56
41 63
14 50
52 88
77 77
50 78
81 97
9 10
60 71
12 38
73 93
63 87
26 69
41 94
19 63
13 87
32 48
3 50
3 95
4 85
27 51
43 57
3 72
48 56
23 69
24 43
55 78
50 85
9 61
76 96
28 41
32 58
49 76
10 13
3 27
4 46
61 95
94 99
40 63
42 52
38 75
5 60
84 96
33 35
19 89
72 72
26 93
21 60
61 74
70 96
18 83
63 78
10 77
55 70
6 33
53 88
91 96
19 98
22 43
17 44
9 16
2 46
69 76
4 70
14 29
13 15
26 45
65 70
58 95
50 94
6 36
60 80
37 96
10 87
39 64
33 63
17 52
7 41
78 89
24 50
8 61
36 57
27 41
75 92
20 97
57 90
44 69
12 42
53 91
6 23
5 7
33 69
53 59
1 64
33 65
31 82
26 59
29 34
69 85
13 51
13 38
81 95
34 78
3 34
11 81
15 84
57 61
48 60
59 89
84 89
27 64
30 96
36 99
73 84
20 32
36 65
6 15
23 95
46 84
33 90
58 93
13 86
38 52
16 62
39 88
69 96
5 29
69 73
15 53
25 29
53 64
45 77
47 64
36 95
27 28
13 88
3 7
40 77
76 78
35 41
7 9
63 97
20 77
23 29
21 84
37 99
35 61
41 87
32 75
2 86
32 63
57 87
22 72
18 27
31 48
19 27
14 65
13 31
10 55
22 79
5 76
23 34
47 49
21 96
64 75
42 89
73 88
34 34
9 89
25 70
33 93
72 95
1 23
33 58
18 82
23 59
23 39
9 26
3 66
21 27
12 61
84 94
20 48
32 38
5 13
23 40
69 87
1 92
65 81
2 78
25 68
45 65
8 18
9 80
44 83
82 86
65 74
1 88
18 72
27 31
31 57
47 79
2 73
40 58
58 80
34 77
1 54
38 72
2 24
14 31
5 72
33 81
65 68
10 44
43 50
78 97
52 84
48 61
3 23
37 57
50 64
26 28
1 51
35 49
48 80
25 56
22 37
77 96
12 71
26 61
57 81
77 81
42 65
2 79
44 74
9 32
30 47
2 65
21 80
2 60
11 51
10 42
55 66
16 59
22 35
68 81
8 49
5 98
41 73
46 94
35 95
76 84
32 89
82 90
19 80
47 94
5 54
11 82
32 91
32 61
32 73
20 66
51 54
43 88
62 79
39 59
51 74
8 76
39 46
58 97
11 24
9 58
18 42
29 32
2 67
41 42
54 62
1 45
7 37
36 64
80 86
18 40
12 36
24 33
47 73
23 62
55 57
21 21
76 87
38 92
13 47
48 49
18 84
61 69
21 22
41 81
27 61
21 43
30 62
31 31
12 85
6 85
13 42
48 48
22 88
43 83
47 59
56 82
55 85
27 52
7 70
79 81
17 60
26 27
2 90
55 96
4 98
8 97
56 57
28 53
34 95
49 89
16 18
23 65
44 66
82 96
7 11
78 98
54 73
13 41
4 11
31 79
41 99
61 73
44 61
81 82
5 78
60 99
5 45
59 94
20 24
45 97
79 89
79 87
20 44
42 51
10 49
25 32
46 95
22 56
40 65
32 49
43 67
76 97
22 65
14 79
72 73
7 91
29 74
74 92
55 97
19 60
37 48
28 57
56 81
15 56
67 87
39 84
36 68
41 70
16 79
2 53
7 76
28 28
49 83
11 29
10 73
41 62
30 80
40 64
27 62
75 79
16 66
6 12
21 70
35 45
72 82
59 92
68 71
17 49
33 75
1 82
78 81
47 53
77 98
54 79
25 66
37 46
23 77
96 97
4 6
61 85
13 17
12 57
79 83
58 65
39 71
23 32
16 48
27 48
6 11
4 16
50 95
23 54
22 30
72 89
26 92
67 76
2 62
83 91
13 18
15 34
9 64
17 75
95 95
87 94
56 88
43 95
64 64
11 38
15 88
8 95
29 59
10 47
8 70
19 76
33 71
57 67
12 72
41 95
9 66
37 59
50 77
3 84
36 78
32 99
44 97
56 59
27 98
85 90
56 65
19 64
65 92
29 62
57 86
40 54
27 83
28 37
78 85
11 30
17 29
82 87
16 27
59 73
26 55
83 98
51 56
89 89
5 94
66 78
94 96
28 89
13 58
23 58
51 69
26 84
16 30
4 78
18 63
26 66
11 45
10 58
10 30
6 87
8 65
20 37
43 84
21 41
2 12
66 82
15 61
60 73
17 87
9 74
32 68
95 97
43 92
67 84
51 65
70 77
19 99
70 86
24 69
4 73
55 99
10 37
68 98
28 52
29 80
22 70
25 69
41 41
70 87
2 28
29 61
17 25
15 27
6 66
45 68
32 98
7 31
40 98
61 90
21 29
70 79
42 43
3 81
51 88
6 63
10 50
12 67
24 92
8 80
27 96
13 55
33 68
1 28
41 43
47 92
38 38
26 89
37 72
33 70
20 58
89 98
5 70
2 32
11 62
23 44
58 73
58 81
41 49
8 77
38 49
23 82
20 75
14 70
48 88
2 43
57 97
37 75
6 45
42 66
3 67
27 82
63 96
45 71
38 99
55 55
37 38
37 89
6 53
56 85
21 45
21 59
42 71
8 39
12 93
88 93
66 67
21 23
48 87
26 56
19 66
13 74
18 71
23 36
30 70
37 63
20 20
11 55
45 94
34 39
42 86
52 96
90 94
37 40
62 98
12 45
9 59
75 98
11 14
75 81
54 92
7 84
25 67
36 51
46 92
4 33
22 99
22 77
40 70
34 86
84 95
4 26
66 81
52 91
25 85
31 77
47 60
21 26
49 93
1 13
21 87
20 28
95 96
53 85
65 65
15 95
17 39
14 68
18 35
48 69
3 64
64 91
59 76
12 94
22 64
83 89
25 30
63 86
46 49
7 88
94 97
27 89
5 37
24 37
31 84
13 30
16 53
62 89
55 61
9 38
53 94
4 10
16 94
81 93
50 60
2 31
21 81
18 61
25 92
21 74
2 58
19 97
7 21
45 60
11 19
19 62
27 66
1 9
27 91
49 80
49 54
12 54
65 91
58 99
71 98
28 71
11 32
10 99
26 91
41 71
5 8
43 51
4 7
14 42
23 35
18 32
66 74
40 60
16 86
68 84
28 61
39 40
88 97
11 26
46 68
10 28
21 34
13 82
66 88
5 27
9 93
17 94
32 84
18 19
41 82
52 61
64 82
12 22
60 95
41 54
80 94
44 47
25 71
3 10
1 7
11 90
2 44
29 60
19 29
12 28
1 26
61 93
29 97
66 73
43 80
24 28
44 91
22 63
35 55
70 97
74 94
71 75
24 46
40 51
30 46
16 17
6 27
44 81
26 53
12 75
7 8
35 93
39 43
10 16
46 54
16 33
36 48
6 9
25 84
30 36
31 50
6 6
85 92
46 47
19 22
11 37
6 99
2 96
17 50
24 39
75 87
50 79
6 79
93 98
3 54
26 60
16 50
55 71
64 77
19 73
51 89
27 86
44 85
36 58
62 76
48 84
58 58
8 90
24 71
29 41
34 64
82 88
28 96
21 44
69 94
82 84
64 98
25 50
6 67
53 68
4 61
31 67
24 53
6 48
51 59
30 64
20 50
71 85
4 80
59 97
17 19
18 29
52 98
80 81
71 83
5 75
1 40
29 43
54 60
66 98
29 66
44 76
26 75
49 86
48 74
36 55
9 99
22 51
13 75
21 93
49 79
19 44
32 97
5 61
17 59
39 49
19 81
45 64
68 94
26 85
31 89
58 91
90 90
54 75
5 92
8 74
32 67
3 65
37 43
10 23
1 66
10 97
46 98
5 16
69 88
37 51
15 28
11 61
12 20
13 28
57 72
21 91
32 32
27 97
9 15
44 84
30 83
26 63
32 69
9 27
7 66
28 45
12 98
10 40
14 34
52 95
34 45
34 72
29 89
67 72
2 55
84 93
77 87
28 93
19 23
24 54
44 71
16 76
7 47
22 49
12 86
38 73
53 65
31 33
65 90
30 84
18 65
56 79
62 87
11 46
25 93
56 60
19 93
10 11
19 69
68 82
16 92
3 97
18 21
43 78
52 82
46 52
56 99
38 86
89 91
6 31
41 46
7 43
45 51
11 59
3 93
46 79
29 83
29 70
63 88
32 66
15 60
6 16
57 70
2 8
59 77
14 24
51 87
78 92
1 53
69 90
22 75
58 78
26 29
26 62
93 99
13 85
7 50
82 89
36 37
30 75
48 92
69 93
35 57
55 89
22 83
30 98
10 10
63 91
5 15
84 98
52 55
8 41
38 77
43 99
47 80
48 89
12 21
15 45
63 94
79 79
29 51
8 79
90 97
15 41
32 72
47 51
33 84
54 70
60 61
13 70
89 90
8 48
5 83
38 60
8 36
47 87
5 69
12 95
14 47
40 71
10 74
50 88
14 48
13 99
60 63
37 82
31 55
49 50
28 50
23 87
18 41
8 20
26 47
26 72
17 88
28 35
18 46
9 20
11 84
33 97
18 88
21 40
44 56
31 86
8 92
30 67
52 65
23 73
13 66
47 67
23 33
50 75
21 53
3 89
27 50
43 82
27 80
49 92
1 14
16 35
57 66
54 97
15 26
4 59
30 57
19 75
18 62
3 60
30 38
2 76
10 21
67 82
17 27
68 96
5 65
8 9
28 97
50 52
33 61
5 23
16 23
8 31
11 58
77 97
11 92
47 89
30 35
17 84
15 97
8 12
37 71
17 23
1 95
51 86
9 12
55 63
27 42
13 53
29 39
23 50
7 16
55 93
62 78
97 99
57 99
6 78
71 93
13 20
25 62
26 37
30 74
24 58
11 16
56 69
14 63
34 67
11 42
35 38
2 98
52 79
14 98
45 85
1 17
78 86
62 91
24 87
24 59
27 30
19 32
1 31
14 41
16 82
48 99
14 64
87 97
6 20
37 92
61 64
3 30
29 40
50 63
50 81
51 75
48 65
27 34
39 76
7 75
50 70
15 24
44 79
46 93
4 48
44 49
32 88
38 42
3 92
42 70
19 37
17 79
49 81
70 91
45 87
18 38
91 99
5 80
33 57
47 66
20 59
25 96
2 88
48 95
42 57
27 65
37 78
63 72
46 57
15 71
42 91
24 60
64 65
18 48
13 98
39 89
8 11
34 58
55 56
44 44
70 95
37 55
47 78
20 64
6 7
32 53
60 87
68 70
62 74
60 67
63 74
5 82
21 50
16 65
24 41
61 76
31 99
29 95
20 45
35 76
42 78
4 36
14 32
27 59
31 85
51 85
79 98
53 79
76 79
8 38
42 63
31 81
6 57
54 87
2 56
4 21
62 62
3 85
11 91
42 68
5 6
55 95
8 15
45 83
30 92
59 81
21 64
67 92
51 71
54 57
6 71
33 54
11 27
8 45
17 20
68 72
30 66
52 74
19 94
45 88
57 80
2 30
5 95
32 76
38 65
6 55
11 95
52 93
49 72
12 35
84 97
16 71
33 98
8 99
19 71
12 32
11 56
18 66
20 68
46 75
20 62
29 38
81 84
12 62
21 88
71 76
32 46
29 96
30 54
13 83
22 81
31 53
4 69
58 79
5 11
39 97
46 83
10 86
40 87
24 90
11 60
45 99
69 78
24 98
51 76
51 62
12 40
4 57
25 33
12 18
10 90
21 98
34 54
49 73
31 64
46 62
6 37
14 72
14 66
26 76
7 18
18 64
3 28
5 26
18 59
37 49
12 50
45 59
13 92
1 34
13 29
29 69
46 72
67 86
10 96
83 96
49 60
24 63
43 56
26 33
71 86
19 95
36 91
44 89
22 61
37 65
39 85
1 19
7 90
10 94
81 81
31 32
56 92
14 37
34 38
7 12
69 71
5 84
7 13
32 37
19 88
37 60
28 42
19 53
76 98
77 91
40 41
35 75
32 45
14 62
7 60
71 89
32 86
5 41
13 27
6 35
18 78
30 53
10 76
1 71
52 78
13 23
57 96
32 33
26 99
45 75
36 66
43 72
5 64
91 92
28 94
20 65
3 57
59 79
71 80
37 66
4 20
3 26
15 51
63 84
41 96
6 22
19 79
21 54
32 59
4 81
2 18
72 97
34 49
21 95
22 45
3 12
49 58
42 69
42 97
70 71
17 18
17 47
21 62
9 84
14 85
5 12
2 80
54 83
56 64
38 58
55 84
36 98
3 71
8 71
49 84
23 85
4 67
48 52
87 90
71 71
56 58
58 90
5 22
51 97
55 86
65 95
32 78
12 76
9 18
7 53
29 50
33 36
67 74
4 56
84 88
20 42
18 33
17 66
54 94
22 29
22 23
6 21
16 28
65 99
50 65
34 40
27 58
6 76
21 30
82 94
12 39
15 82
20 30
19 65
62 94
6 94
13 34
91 95
50 93
43 90
13 16
19 41
8 44
42 88
21 63
78 87
13 45
22 44
35 40
25 78
16 83
23 38
5 49
13 39
29 44
52 52
32 80
34 48
40 68
27 43
20 35
53 67
45 93
67 75
57 84
4 83
39 42
31 61
52 99
39 56
47 63
35 99
63 99
8 86
10 78
22 96
17 48
74 95
35 98
46 65
56 61
29 82
69 98
54 93
31 54
52 68
28 67
3 55
10 64
25 34
28 46
43 61
17 17
8 17
1 38
24 64
39 57
36 59
3 39
5 57
4 9
74 77
10 72
13 25
54 77
40 72
56 95
39 58
77 78
23 72
40 46
30 72
83 94
7 51
25 58
29 92
48 83
20 47
25 87
62 70
18 39
23 67
13 64
47 56
29 45
57 69
4 28
52 87
80 99
40 48
56 62
22 89
6 24
16 24
17 77
14 84
47 93
35 54
36 38
11 94
60 97
11 20
1 2
8 67
1 52
54 67
49 77
5 21
53 92
86 91
62 96
5 63
25 73
61 72
37 64
17 43
73 82
40 44
49 62
6 83
5 42
59 69
49 56
2 94
33 43
88 92
8 37
1 89
6 13
44 63
16 67
60 85
33 60
58 59
69 86
57 75
66 86
45 95
34 68
41 98
51 61
38 61
29 64
40 59
48 70
53 98
5 25
19 55
14 46
9 51
51 99
38 95
12 31
40 57
56 67
20 69
2 54
19 74
69 80
55 90
79 96
31 98
41 88
64 73
72 80
36 49
61 87
14 23
71 87
48 53
49 91
8 33
79 85
48 72
29 46
50 67
54 91
5 77
51 70
23 23
19 68
81 83
68 74
2 91
17 33
6 41
64 93
9 85
23 64
18 76
52 94
20 84
65 88
66 92
43 77
44 86
21 69
75 95
35 78
22 93
49 85
28 84
10 95
14 89
43 47
3 48
27 79
42 77
10 57
15 78
20 90
45 45
60 82
32 41
39 78
66 76
7 92
60 88
36 74
30 89
14 61
9 97
8 57
6 8
6 82
30 42
48 76
41 45
35 64
18 34
61 96
36 73
32 52
93 97
18 53
28 70
54 65
57 98
42 42
35 96
11 33
12 90
5 19
26 77
13 79
12 34
42 49
87 92
10 51
22 74
12 82
77 80
54 89
39 80
20 57
18 18
1 86
32 35
3 14
68 73
35 37
68 79
12 65
26 97
24 84
80 96
34 35
66 68
6 54
28 82
20 55
26 74
27 85
37 73
15 39
46 53
39 92
31 34
60 75
82 98
46 74
6 52
15 37
13 13
12 60
35 70
46 61
3 87
54 90
45 96
1 3
24 68
72 74
28 55
49 99
39 79
92 94
5 56
94 94
5 99
6 65
54 68
31 56
73 73
30 91
50 90
28 77
37 68
22 59
35 86
6 92
25 61
10 22
51 68
89 93
69 83
31 88
9 22
23 84
14 40
14 25
56 98
18 91
87 99
36 52
22 26
38 44
85 89
70 83
1 39
22 91
21 67
66 77
17 91
16 74
17 28
39 66
53 60
1 56
15 75
81 90
66 75
7 72
9 92
31 71
28 66
40 67
65 89
36 85
43 98
40 86
15 58
3 32
34 46
52 90
3 33
88 96
10 39
5 47
12 12
22 71
13 73
39 63
7 96
6 43
10 52
73 96
1 11
13 22
36 84
56 80
51 98
29 42
54 66
48 93
42 45
36 88
9 94
1 50
22 66
51 52
8 89
7 57
36 46
65 73
33 42
71 74
59 86
3 9
9 44
77 99
32 83
20 60
37 53
26 40
23 25
15 46
87 93
30 79
65 86
52 54
5 59
33 45
19 45
73 94
21 86
15 66
35 51
46 64
27 36
32 74
67 90
11 54
41 91
39 99
7 42
6 90
3 49
63 75
24 82
25 83
53 55
22 22
31 72
96 99
7 22
14 96
64 85
14 14
10 60
18 73
39 41
80 92
38 55
92 97
51 72
3 22
80 93
84 90
11 41
18 97
42 82
26 36
31 60
43 54
46 81
30 37
4 41
29 52
43 76
14 87
84 91
59 95
39 81
18 89
50 84
25 79
26 70
85 91
55 79
41 93
46 60
36 54
6 98
71 82
12 74
68 89
21 48
50 51
1 49
29 86
38 69
54 82
77 90
79 90
9 57
16 98
61 61
28 40
82 82
62 63
25 26
86 97
32 40
22 34
53 76
16 95
17 46
29 33
11 15
91 93
22 68
4 88
25 65
35 59
16 85
55 74
71 96
5 36
49 51
51 67
56 97
16 73
52 60
28 72
51 60
43 91
28 31
57 93
22 62
58 87
4 60
46 91
63 77
49 49
85 96
40 79
9 65
43 79
1 74
37 90
77 94
34 79
89 95
44 78
73 85
39 98
15 81
4 82
47 96
6 72
17 74
3 68
88 99
16 56
5 68
13 71
49 53
8 42
15 57
1 35
35 72
78 84
43 94
59 84
35 68
28 34
27 77
67 68
19 96
74 97
27 87
53 90
48 90
10 33
27 92
3 3
81 91
65 84
10 98
3 6
36 67
11 75
15 79
43 70
49 88
15 62
42 67
72 75
48 55
1 42
25 35
74 88
56 91
29 53
38 57
34 69
34 43
14 55
77 92
14 99
57 77
20 54
11 79
31 93
70 75
88 98
8 82
11 49
47 91
13 78
8 50
30 73
74 87
35 92
29 48
39 50
8 25
27 54
14 56
21 77
4 91
37 70
30 88
28 95
40 90
14 71
20 82
20 26
7 67
19 43
44 93
24 38
73 95
33 37
3 51
40 89
50 86
52 56
2 36
5 30
15 52
28 80
78 91
4 75
52 81
24 47
30 32
17 99
45 80
43 81
8 26
26 44
14 39
7 55
7 74
8 23
64 66
71 99
11 18
31 90
2 87
72 98
8 22
74 99
27 84
29 47
55 75
4 86
52 64
20 93
48 78
13 76
35 52
47 75
12 77
67 79
1 43
55 62
5 74
33 83
2 93
31 47
7 71
25 95
29 71
19 58
12 15
10 62
9 62
15 94
6 19
48 71
69 75
64 89
32 42
9 60
11 72
14 67
3 31
7 19
54 71
69 72
76 94
32 81
21 38
33 59
15 77
39 61
48 73
39 55
29 57
84 92
82 95
48 81
25 75
61 81
20 88
58 62
10 34
15 43
14 76
54 54
63 64
20 72
64 79
53 62
28 36
19 40
80 98
8 14
40 75
2 3
24 79
17 55
27 69
30 60
34 59
12 44
6 49
36 39
55 76
67 69
6 34
35 81
49 82
34 94
92 98
7 64
57 59
45 89
24 73
53 74
87 88
50 61
55 67
1 63
32 77
2 89
27 44
38 54
78 82
25 31
6 88
6 84
24 31
75 97
21 83
41 89
23 81
26 32
39 77
18 23
13 81
22 42
74 83
7 32
94 98
3 73
18 60
3 38
22 73
81 86
16 80
23 31
7 45
2 61
24 78
42 48
24 26
45 98
58 94
14 97
25 94
45 82
46 76
53 99
16 21
30 71
15 48
72 81
4 22
39 95
7 39
54 84
3 13
9 28
44 46
9 81
24 88
46 86
60 92
8 16
7 77
76 85
45 55
24 62
68 88
26 78
51 58
5 71
73 78
47 76
39 48
16 34
40 97
52 72
7 99
54 61
27 46
14 36
33 56
56 70
4 4
8 88
91 91
9 25
64 67
23 53
63 89
23 74
14 20
35 84
19 49
44 64
10 84
19 59
28 56
11 89
17 36
33 89
60 98
25 37
