121 7381
iiiiiiiiqlrdmdptyrmuazjcpiiiiqbvrylzkrcxr
iiiiiiiiiiiiiifztjubvnhcztrppsyiiiiiiiiii
iiiiiiiiiiiiiicucdfvmnfycsqfdqmgmntxyckxv
wpypmbotyplueikflopxlpoayvoetiiiiiiiiiiii
wbcwrcsvoocropugeiidhulcfczgmotltdmiiiiii
iiqxmptctjmbfzjdiiiltbdxhmecdvgaiiiiiiiii
iiiiiiiiiiiiiiiksepohzxezhqxawgaiiiiiiiii
iiiiiiiiiiiiiiiiiiiiiiiiiiiiiiiiiiiiiiiii
iiiiiiiiiiiiiiistykgxrmlnedyiiiiiiiiiiiii
iiiiiiiiicpctagkfwmonlizjnhydykronmiiiiii
iiieeerdlhqxcgywwiiiiiiiiihxntdqdclqudond
iiiiiiiiiiiiiiiiiiiiiiiiiiiiiiiiiiiiiiiii
iiiiiiiiiiekwkhpotfbpdguzuopcmensbkjekqys
iiiihvqjunqmuuhjosikqtfphsbeuugiiiiiiiiii
iiiiiiiiiiiiiiiiiiiiiiiiiiiiiiiiiiiiiiiii
iiiiiiiiignteqgocnvoajvpnriiiiiiiiiiiiiii
iiizfruvwkvzmylkiiiiiiiiiiiiiiiiiiiiiiiii
iiiiiiiiiiiiiiijxgqkctsuvwfmdwtyiiiiiiiii
iynatwjseutqcixrvyqwfzanmqezeluiiiiiiiiii
iiiiiiiivjnoodxmpwjebskwhvrrypfroyriiiiii
iiiiiiiiiiiiiiiiiiiiiiiiivguatbzklpdaffpz
iiiiiiiiiiiievevycvpnjnupjpiiiiiiiiiiiiii
iiiiiqaeghhbrzypfkxhkhogvogbkjabgfklkoiii
iiiiiiiiiiiiiiiiiiiiiiiiiiiiiiiiiiiiiiiii
iiiiiiiiiiiabpneezbbwwrsfbjyfctgnavzlzlti
iiiiiiiiiemxfjhdlcvcnliiiiiicpscbeonaqxri
iaubannkgcqabpanrgiilluthfokwsnnhfnjiiiii
iiiiiiiiiiiiiiiiiiiiiiiiiiiiiiiiiiiiiiiii
iiiiiiiiiiiiiiiiiiiiiiiiiiiiiiiiiiiiiiiii
iiiiiiiiiiiiiiiiznnczuadvopjmeliiiiiiiiii
iiiiiiiiiiiblwozqlpbcosicdypnkspabswplyji
iiiiiiiitbpbcowvxpccbsiiiiiiiiiiiiiiiiiii
iiiiidgfwlcjwlljfttliiirxesokeygvkoqgiiii
iirbvgwcmjggmfwmriiiiiggjkqnpqbtacbgsiiii
iiwunckufxewhejanchaharvysbhxggduqiiiiiii
iiiiiiiiiiiiiigmfwqdrowfvboooiiiiiiiiiiii
iiiiiiiiiiiiccfhmqpjyvjtijflxldawhtylyzii
iiiiiiiiiiiiaokdkuvnzswlziipemzzlxynvobui
iiiiiiiiiiiiiiiiiiiiiiiiiiiiiiiiiiiiiiiii
iikaoexphaqcvfaqkmrpgcsbbxmtdkviiiiiiiiii
iiiiiiiidlfdmvcggwkuzceafiiiiiiiiiiiiiiii
iiiiiiiiiiiiiiiiiiiiiiiiiiiiiiiiiiiiiiiii
iiiiiivsasmnudkkqpmtnbiiiiizkomqwsthfvkii
iiiiiiiiiiiiiiiiiiivfgvlcolppsriiiiiiiiii
idgsjhszfjvrafiiiiiiiiiiiiiiiiiiiiiiiiiii
iiiiiiiiiimyflswtssbjsmgfviiiiiiiiiiiiiii
irlmfvagvpmeoblwtiiiiiiuhkeeskygxdjiiiiii
iiiiiiiiiiiiiiiihfjqktavzorbiiiiiiiiiiiii
iiiiiiiiduvpdgablfenwrpkitvudybrasxdvnasn
iiiiiiiiizafcaqtmgjuzyovswzsjlhrbvvgztiii
iiiiiiiiiiiiiimjgawpylxmafdcymiiiiiiiiiii
wkcpbeepwamsnuuvnrfkemnuhufnniiiiiiiiiiii
iibfclshwqrlahzccmqaynlqgoqdrrcphsiiiiiii
bshstumzmcaxciiiidwmlattamevxfiiiiiiiiiii
gfydcfxnalkjfbcgdiokdvrdzhrggpzsafiiiiiii
iiiiiiiiiiiiiiiixclwepfdhtzozdftiiiiiiiii
iiiiiiiiiiiiibogmwftfmfvbmsyauiiiiiiiiiii
iiiiiiiiiiimftcrlkcmwtyiigcpunkgetoefyzbi
luhpcvkeulvgiiiiiiiwashbzaocwcsiiiiiiiiii
iiiipfpyyemworpnurbiiiijtxwghyqhchauhyzii
iiurdcfjwdqhtgznzrgiiiiiiiejddkyktztekege
iiiiiiiiiwsqdecdofhzhkqovtixhnkcalodfxjii
cdopxasweadsiiiiiiiiiiibmmzubqevpkziiiiii
iiiiiiiiiiiiiiiiibysbcnalactxeqcmniiiiiii
iszbdpsyoollshydgfgsyjexwhgrcnpiiiiiiiiii
iiiiiiiiiiiiiiiiiiiixwrbptxpjbdkmiiiiiiii
dytnldlqkhmbnvfecbyhxzgsjtzsjkiiiiiiiiiii
irwsoybngaphfjlepigopdjkdooakziiiiiiiiiii
iiiiiiburqocoellxslomibpgtfxcymowzlaiiiii
iiiiiiiiiiiiiiiiiiiiiiiiiiiiiiiiiiiiiiiii
couxonsqgvqdqbdlrcozolfakvviapuhqajzlloge
jvqzyakjfasoqsapquvrkzasjdhjiiiiiiiiiiiii
ncdakeahebvhupqpgiiyypytzwnhqeftniiiiiiii
iiiiiiiiiiiiiiiiiiiiiiiiiiiiiiiiiiiiiiiii
iiiiiiiiiiiiiiiiiiiiiiiiiiiiiiiiiiiiiiiii
iibauklqugzfykiiiiiiiiisqcomzkwdrkjetrqii
iwkhpqtnhzroowcniiiiiiiiiiiiiiiiiiiiiiiii
iiiiiiiiiiiiiiiiiiijgvodjhlebkbniiiiiiiii
iiiiiiiiihbsoosxtwuvpxavriiiiiiiiiiiiiiii
iiiergeksfybqttphaiiiiiiiiiiiiiiiiiiiiiii
iiiiiiiiiiiiucpybbgjtskwlojiifuwjrcymkunh
wcauhnpabmgfydxsiiiiiilvhaqrvyemsqsiiiiii
rajyweddulhrhsiignujbqgllzfhxtopiiiiiiiii
iiiiiiiiiiiiiiiiiiiiiiiprkesdraudpjziiiii
scgzxwsxhjqbhjiiiiiiitzkdyoxrmvxxkiiiiiii
iiiiiiiiiiiiiiiiizxlwxokgdmpciiiiiiiiiiii
iipkvtqhnwfzhccziiiiipfnmhdkslxsrliiiiiii
iiiiiiwlhwmsvmfqlqryfegufyhqqmbtsomiiiiii
iiiiiszxevoozjvnnmysuhilzterwanezuouvulmi
iiiifeyptvuogdycuiimbmvattsgmutndoadiiiii
iiiipejhybjkumqrbtdiiiiiiiiiiiiiiiiiiiiii
iiiiiwfdnolnhodwnwzpzdiiiiiiiiiiiiiiiiiii
itqlpqfgeosglgniiefxahfrxqjhbnpggiiiiiiii
mdzygmqwtwaewfqobnbttzajjwywyiiiiiiiiiiii
iiiiiixahmnwzckgynniixtkzlsuuuajjsiiiiiii
rdxoqbrzuaptyeiiiiiiiiiiiiiiiiiiiiiiiiiii
iiiiiiiigbkdjhbwwanjshiifwqofmhagwgywviii
iiiiiiiiiiiiidpckjphtwrlyofxpiiiiiiiiiiii
iiiiiiicffmjupovtvhdtbbiiiiiiiiiiiiiiiiii
iiiiiiiiiiiiiiiiidfawffqnywsjskiiiiiiiiii
iiiiiiiiiiiitqahzohufufxowgsnxvurdoopwwaj
iiiivgcpgpdnnhlxkpiilwbsqcmeewpdriiiiiiii
iiiiiiiiiaxjhthcfjupsjeliiiiiiiiiiiiiiiii
isulhlglskywninlesensdkgwcwtpiiiiiiiiiiii
iiiiiiiiiiiiiiixyughtrwjybfoziiiiiiiiiiii
iiikaxgdnlmbkqdiiiqzyorhnrrklfyiiiiiiiiii
jqtvpvvngrccciiiduhjlxwlecypuhtxiiiiiiiii
iiiiiiiiiiiiiirqpqrbpeonmdjpiiiiiiiiiiiii
iiiiiiiiitzvmsbkcytwqbvebcidkzdayqqrnjvpo
lfeqjqhuaarqiovmxaquvlxqnsuwiiiiiiiiiiiii
moslblmpgmpdjpkrkhfpuaxojcrexkwiiiiiiiiii
iiiiiiiiiiiiiiiiiiiiiiiiihycuroorrosoxiii
iiiiiignvhwpkgceurmwihqqolzaguwtwldbmfiii
ivtgukvwbdbfdkeviiiirejsytokjzvwyrrwiiiii
iiiiiiiiiiiiiiiiiiiiiiiiiiiiiiiiiiiiiiiii
iinxdeugzeuwaptgwiqnjkeqtsvawueiiiiiiiiii
iiiiiuubudbdzxbypiugopmpbwghjudcqiiiiiiii
eemkruxnzhoaczpullfeeqpwjpcoiiiiiiiiiiiii
iiiiirmlnvmmyhehotefiidbravvsxkmphfdgeiii
iiiiiidhmysexncgvcjsmthzsgvpdczkhlalsgpii
iiiiiiiiiiiiiiiiiiiiiiiiiiiiiiiiiiiiiiiii
14 23
78 112
32 98
14 49
77 107
35 90
11 86
28 84
15 67
27 109
5 73
5 41
5 66
9 97
9 111
2 94
4 48
81 104
75 85
57 109
30 61
3 28
22 84
44 67
68 80
21 73
50 60
39 91
17 116
79 86
39 67
50 115
37 95
47 63
11 119
69 100
29 70
98 107
18 83
46 59
82 108
35 117
29 115
28 61
12 29
40 73
18 118
12 64
48 104
13 77
67 71
23 67
9 90
54 69
23 120
23 98
29 98
7 32
8 112
49 66
15 20
2 47
32 35
7 18
48 97
5 104
79 99
1 84
94 103
5 100
3 68
27 91
10 56
38 99
75 116
26 36
9 105
33 81
35 72
10 15
54 103
67 117
30 95
4 71
14 53
67 73
37 55
53 57
11 70
21 36
92 118
9 98
35 61
30 85
64 112
2 58
32 121
67 118
55 78
12 41
43 45
11 87
85 119
8 34
40 108
31 75
51 94
60 87
19 114
12 81
96 101
83 97
66 82
58 81
53 84
14 63
16 78
24 112
17 91
20 106
26 55
30 81
31 63
39 54
5 46
43 103
50 94
10 96
12 109
26 42
100 115
34 64
16 38
16 59
81 87
3 14
22 121
46 87
34 54
41 108
95 109
78 94
18 53
47 98
38 44
60 81
103 121
64 111
88 89
4 23
30 90
31 118
83 95
54 76
21 65
26 57
28 96
58 71
17 23
13 79
25 50
16 64
65 91
83 87
56 80
30 71
5 83
12 17
80 107
27 77
17 72
48 67
45 56
64 90
12 70
9 99
107 107
24 114
53 70
48 58
22 75
56 93
10 54
49 108
74 100
97 107
1 47
22 48
70 121
25 61
60 113
7 44
72 96
2 35
77 108
32 78
51 105
55 69
4 96
52 57
70 75
85 90
3 17
68 91
53 109
12 48
10 20
33 120
87 113
45 48
6 33
66 83
35 73
7 102
36 115
11 71
76 114
54 72
6 76
34 103
26 93
24 44
21 92
23 108
19 119
64 86
14 66
84 104
38 86
100 119
46 53
26 44
69 82
87 95
29 85
14 81
39 49
23 107
49 111
33 37
42 89
56 88
9 117
57 66
37 38
35 116
62 73
38 106
94 121
90 119
24 89
70 84
32 79
49 120
3 102
18 37
56 89
57 85
117 121
9 57
13 89
42 47
68 110
40 71
56 94
1 20
24 104
20 38
58 80
5 88
19 36
56 92
37 85
49 60
20 22
83 109
115 117
35 39
37 78
35 41
53 83
12 53
38 54
10 17
33 112
17 34
62 87
18 90
22 69
6 84
47 114
11 89
48 66
2 107
6 53
22 103
102 121
7 56
36 107
30 106
44 113
15 107
41 66
13 116
52 62
28 98
24 103
39 118
25 112
24 100
30 66
10 94
13 59
16 46
39 112
32 104
12 43
76 85
19 74
104 106
76 79
10 69
97 98
37 93
63 113
62 110
10 46
12 49
10 19
33 74
46 60
35 109
46 104
63 73
1 56
28 117
47 86
1 74
56 119
47 99
41 118
43 57
54 96
2 64
47 55
49 103
48 72
21 106
92 101
20 31
12 116
27 100
90 109
36 113
90 110
117 120
58 115
18 100
19 22
16 44
51 114
6 24
74 105
11 118
106 110
25 71
5 40
83 94
67 94
10 112
52 55
34 66
65 68
57 102
7 30
60 117
47 119
6 97
95 105
88 102
68 87
52 88
24 118
18 69
11 102
93 106
51 61
49 113
40 45
60 111
2 26
29 68
23 34
87 109
7 37
3 88
6 35
94 100
90 113
14 121
70 104
29 57
6 63
88 106
44 104
88 93
50 61
59 77
62 109
58 65
35 121
14 89
73 82
1 18
20 20
96 105
50 96
4 103
1 52
3 6
28 49
16 93
6 86
23 89
74 74
44 61
4 92
69 97
81 100
1 45
3 18
66 90
96 114
43 106
58 98
41 98
40 69
60 60
30 49
25 89
20 37
14 58
68 105
38 39
89 108
58 120
97 100
66 100
54 79
90 107
51 90
30 91
87 120
92 120
15 76
25 70
19 82
52 89
29 73
19 23
16 16
96 97
56 98
36 75
79 102
27 74
11 21
35 84
43 69
111 113
64 69
32 87
19 46
7 113
94 109
6 42
62 79
43 99
47 73
3 117
43 94
92 98
9 49
30 101
37 41
50 52
18 64
18 39
64 96
77 105
57 108
7 12
94 112
32 44
1 29
31 66
17 87
17 75
5 27
44 48
4 7
7 25
31 90
70 97
73 112
3 38
7 110
34 85
26 75
32 69
31 58
22 109
19 89
46 112
52 114
67 69
69 83
3 53
13 52
14 39
14 61
12 114
29 102
50 53
7 43
2 81
5 108
33 82
2 16
7 45
36 91
8 111
21 112
67 106
44 47
46 89
33 55
48 102
112 112
65 109
9 121
64 65
36 104
61 73
73 114
16 30
2 66
56 72
79 111
63 90
12 72
54 71
11 61
1 53
29 107
94 115
36 41
79 87
26 118
35 49
9 27
50 112
22 106
109 110
24 26
18 58
18 65
6 92
19 72
30 94
19 115
12 115
3 109
64 120
50 67
3 73
76 111
114 120
1 31
36 87
57 86
3 121
74 110
48 107
10 107
25 88
14 98
34 55
10 39
2 101
7 121
76 77
18 38
66 111
18 61
25 58
63 115
91 121
66 117
6 17
11 103
18 77
61 103
56 100
15 39
8 109
39 119
51 58
21 54
63 120
8 81
94 104
85 116
69 72
8 61
12 63
50 103
34 110
16 92
102 105
23 81
2 38
16 102
72 112
114 115
17 85
17 21
61 84
104 115
4 91
64 83
53 73
17 55
10 70
61 119
8 69
73 120
107 120
37 91
2 60
43 73
50 76
31 120
106 115
1 13
82 113
16 65
6 105
21 25
66 66
40 111
65 111
56 61
9 32
22 100
17 113
34 42
21 105
62 86
23 74
23 62
81 95
11 67
12 58
8 120
3 16
30 105
51 76
23 117
22 30
3 25
48 54
24 83
2 116
3 20
25 115
40 57
34 72
41 96
19 120
4 64
78 118
61 88
2 108
93 120
89 90
90 95
57 101
23 111
8 46
8 26
41 72
51 96
53 61
3 91
8 106
69 84
47 97
23 57
23 40
64 118
59 109
25 42
29 91
31 95
46 85
23 51
14 88
65 102
60 67
14 50
33 121
42 51
11 69
15 37
96 115
64 103
12 101
64 115
48 60
33 40
18 56
38 68
46 109
63 100
26 35
35 107
52 118
69 116
34 76
5 119
83 89
28 101
3 7
9 87
36 89
52 105
40 59
7 15
7 47
15 33
58 60
81 114
87 107
31 67
62 75
107 117
66 97
85 99
3 87
69 88
68 74
12 71
36 50
35 112
39 111
27 83
85 95
1 98
93 109
95 111
36 38
1 32
73 79
77 100
41 45
2 30
52 116
8 88
74 103
13 66
12 76
76 110
83 112
58 76
47 121
55 68
1 76
61 62
58 101
30 65
16 86
40 91
53 107
53 96
26 87
54 106
34 74
38 45
39 108
79 91
45 84
10 103
43 79
56 120
65 88
77 82
8 47
29 78
59 88
3 98
70 113
101 108
24 94
21 116
34 81
41 56
87 103
20 104
25 108
72 99
114 118
27 120
71 106
1 80
8 107
92 121
3 58
48 96
99 108
51 99
8 115
5 114
29 48
13 74
38 112
69 103
99 110
41 53
61 101
22 34
6 72
68 97
4 120
57 71
36 64
25 75
39 101
60 78
37 112
81 85
51 104
4 59
68 115
43 47
51 95
18 80
57 89
22 25
26 43
76 86
15 109
92 110
19 51
25 93
7 85
38 76
38 98
37 68
63 91
11 33
9 31
6 100
34 34
57 65
18 112
26 50
5 43
40 49
32 99
8 114
22 102
22 114
13 118
34 69
91 117
68 112
21 51
41 73
90 117
46 115
27 75
50 74
44 74
68 121
85 92
102 119
66 84
78 85
61 110
19 113
70 100
82 105
12 22
66 81
93 101
10 53
5 74
43 66
8 11
15 72
45 90
97 121
47 62
42 44
33 52
36 97
74 115
64 76
12 32
46 71
40 85
22 120
19 95
35 44
58 117
2 74
43 58
11 58
80 106
54 62
16 87
21 26
84 91
13 41
4 12
107 111
53 72
59 121
47 115
28 51
60 97
72 100
4 58
55 98
9 109
8 67
7 66
65 118
42 60
39 39
71 104
16 90
60 73
14 67
63 105
41 59
24 42
64 74
48 98
7 70
28 100
21 86
90 115
1 117
13 60
2 75
10 106
22 82
29 46
69 90
27 54
7 10
46 117
25 111
7 100
4 21
61 92
15 46
49 72
9 20
16 69
20 63
79 116
5 80
15 63
33 95
1 62
53 53
28 41
105 109
18 101
3 113
24 52
47 105
38 60
40 109
65 119
78 86
20 49
91 91
68 107
25 107
18 70
70 80
85 115
97 103
48 85
14 111
33 46
73 87
50 64
56 82
94 94
63 72
59 114
75 84
79 84
11 120
38 69
80 85
81 83
51 84
42 74
23 73
65 79
44 90
75 101
1 19
50 92
64 85
10 92
35 70
87 110
45 103
88 97
38 100
74 81
87 92
99 120
16 34
5 44
19 116
5 121
53 88
50 77
74 118
98 99
40 104
75 104
5 57
29 104
20 28
38 83
9 30
26 40
95 97
1 113
11 73
69 118
45 70
5 75
7 59
3 62
7 77
33 63
43 102
19 25
6 88
67 85
5 109
12 96
31 105
67 114
88 109
52 108
6 59
32 41
37 87
5 89
83 103
4 52
92 102
30 36
96 121
23 32
41 51
16 109
26 96
16 23
34 104
98 103
3 59
94 99
6 38
40 100
4 47
82 87
81 108
45 68
77 118
43 114
22 47
86 115
10 26
110 117
85 112
36 57
96 102
11 37
11 90
95 113
68 85
19 93
36 49
2 88
36 45
38 55
84 101
16 18
59 96
56 115
31 69
95 120
59 84
42 69
55 83
3 50
56 59
2 9
47 82
62 80
55 116
43 48
2 86
38 121
3 10
51 80
29 47
55 100
8 56
75 107
2 104
60 70
43 104
59 66
80 84
49 73
9 54
19 32
27 101
23 103
7 114
101 114
80 121
28 31
28 62
38 93
22 43
19 60
36 99
40 66
27 28
63 95
36 101
83 100
56 118
77 89
54 64
10 60
59 73
14 54
42 79
6 18
14 43
33 79
30 109
71 90
37 54
13 78
13 42
5 67
103 118
78 105
70 107
101 116
48 119
46 55
4 104
10 110
19 83
89 104
91 104
4 89
34 97
19 53
20 87
49 76
3 19
1 38
78 90
34 109
67 120
6 81
64 81
43 96
21 95
80 96
63 102
55 114
11 63
27 38
55 104
3 47
103 116
82 100
75 108
28 109
30 39
20 61
18 111
87 87
18 93
53 101
24 109
76 81
11 54
11 31
25 63
75 92
30 32
79 121
11 105
69 98
46 79
73 97
22 87
61 120
22 42
91 98
15 40
95 106
51 78
95 101
29 121
45 113
29 37
29 65
105 113
46 77
4 56
1 1
33 39
100 117
46 116
6 82
15 28
74 102
25 34
17 58
70 72
2 68
77 90
70 102
39 47
22 62
7 34
106 111
1 68
81 103
19 55
79 108
3 56
40 103
79 100
50 78
27 73
4 101
59 102
97 108
26 99
91 110
7 82
11 84
3 63
107 113
63 96
28 56
10 87
49 65
3 22
1 116
86 100
43 56
45 117
74 89
34 101
70 81
36 83
44 108
57 98
102 110
6 54
15 75
37 43
6 65
80 82
52 94
4 9
18 78
12 97
35 48
51 71
9 65
42 78
9 103
88 95
20 70
73 89
10 55
28 120
12 75
32 89
22 70
36 84
76 82
78 98
61 89
59 115
82 114
46 97
59 101
35 60
94 117
83 110
33 56
103 111
45 88
47 67
49 100
32 82
24 81
98 106
64 95
39 62
51 63
29 64
49 52
23 50
9 92
31 115
34 51
17 35
6 113
34 90
22 37
44 114
24 34
2 120
118 121
77 97
5 42
93 110
24 95
68 118
40 70
46 64
27 51
2 23
66 76
16 77
67 119
20 90
5 94
85 102
98 101
66 68
1 58
44 95
24 70
57 118
18 57
26 117
64 100
44 51
91 119
1 63
57 58
5 51
2 113
81 84
1 5
24 54
85 88
58 77
21 109
2 40
26 30
47 118
8 113
16 115
67 75
12 23
36 72
56 108
35 94
67 86
33 92
43 110
102 108
43 116
66 98
42 110
3 66
36 102
55 82
11 17
18 76
98 115
70 117
26 32
76 89
17 81
46 102
30 52
51 83
98 108
89 105
4 60
15 93
14 105
43 72
119 120
38 117
45 110
43 98
100 104
14 79
24 96
34 105
79 82
47 116
6 46
25 69
6 101
91 99
10 25
30 48
4 107
41 111
13 82
104 112
28 119
5 13
19 91
96 107
58 70
80 93
29 96
24 57
24 29
63 97
3 118
43 62
25 80
1 57
75 96
20 81
95 95
20 58
52 54
61 69
29 34
22 41
15 111
62 67
2 18
97 117
49 50
67 109
67 110
6 60
43 61
71 119
32 71
35 87
59 99
25 49
86 103
33 35
8 86
10 66
62 72
31 87
31 98
101 102
94 111
42 52
32 57
19 49
21 77
56 66
16 40
9 58
10 121
90 106
85 87
13 65
56 112
15 100
29 101
38 79
39 83
18 54
84 84
73 118
65 80
26 105
77 113
9 63
46 74
53 119
23 71
62 89
29 113
2 82
14 100
44 79
64 108
5 76
44 117
62 98
60 96
12 111
48 50
38 94
51 117
24 98
3 24
3 43
33 104
23 70
80 115
1 24
87 101
84 94
63 93
58 116
88 121
65 75
111 112
61 75
56 81
13 103
8 40
6 22
29 69
88 103
33 58
56 97
57 104
54 58
15 17
57 94
41 70
53 65
24 39
19 28
16 42
1 90
96 106
51 74
6 118
58 66
24 79
88 107
23 109
89 101
5 14
53 80
25 66
16 85
61 112
58 88
46 69
20 24
13 30
79 93
8 82
16 98
56 75
49 112
27 34
28 104
30 67
51 120
93 114
1 94
44 83
19 109
6 98
49 53
1 22
75 111
22 104
80 83
25 119
72 89
27 93
26 72
25 54
25 56
11 64
18 23
38 70
56 68
14 97
74 88
81 117
36 95
28 76
7 95
79 103
8 108
14 110
17 57
110 111
6 12
15 52
38 64
24 25
47 57
68 106
42 99
6 87
53 103
55 111
46 68
54 101
6 37
19 80
55 93
20 41
15 94
15 23
26 68
47 75
35 74
6 116
91 111
13 83
3 86
74 82
20 69
14 33
9 39
11 38
5 107
33 94
29 35
87 97
110 121
71 102
17 120
7 109
18 88
6 121
35 71
20 50
33 73
66 96
59 100
12 105
54 63
60 118
25 55
13 113
7 94
34 83
13 108
21 102
73 77
39 55
101 112
72 81
47 74
29 90
8 38
5 60
62 69
4 43
78 80
69 89
33 116
16 57
35 120
26 109
71 91
25 45
36 46
18 102
98 104
7 14
48 118
27 108
75 103
5 110
64 99
15 15
52 103
24 35
7 120
21 99
33 47
33 85
53 62
67 84
52 77
20 64
24 60
4 81
21 49
47 59
68 86
26 119
74 92
3 105
51 53
67 101
41 106
62 77
59 69
11 15
53 60
15 47
40 102
5 98
14 15
13 40
18 55
17 89
15 68
40 40
54 115
37 77
7 117
23 59
1 97
39 106
109 114
56 67
25 101
53 58
88 92
21 44
38 105
35 68
49 104
50 116
16 31
46 106
24 72
11 28
33 102
93 98
30 35
53 100
15 85
41 91
63 103
38 59
6 67
52 96
29 71
6 10
5 120
41 119
45 105
23 61
18 67
55 97
43 108
64 107
41 89
47 111
104 113
5 111
105 114
7 61
23 94
5 53
18 52
20 54
36 39
39 86
10 81
39 120
82 120
28 37
43 84
45 59
83 104
45 47
36 121
22 93
7 46
8 105
55 107
65 82
1 39
69 117
101 110
26 70
1 118
33 114
26 89
57 70
62 120
77 111
50 121
9 89
33 83
2 20
29 105
66 95
12 77
30 43
9 110
99 113
14 106
46 47
20 59
86 97
3 107
67 67
32 97
7 67
17 51
114 114
16 26
52 56
16 79
8 99
77 120
73 90
57 84
37 70
34 73
60 90
88 90
43 59
10 35
99 101
17 80
41 94
54 121
53 77
27 32
6 31
85 101
76 120
40 53
10 75
25 37
28 59
71 85
48 56
18 26
4 77
36 74
89 96
39 115
14 35
28 85
12 57
78 120
20 55
21 121
12 67
75 114
21 81
97 109
36 112
25 86
13 58
19 78
29 118
7 35
29 119
80 99
43 65
79 98
113 121
10 50
53 110
65 96
89 110
92 111
99 112
7 115
53 98
18 34
1 50
58 83
62 71
46 46
17 20
41 86
39 42
22 76
36 44
58 79
19 61
35 92
47 101
59 94
52 63
28 115
32 38
70 98
28 83
19 50
10 120
17 102
85 108
26 103
68 117
32 112
60 105
5 33
21 33
10 18
115 115
22 54
52 109
5 58
33 62
8 20
1 26
42 76
28 58
21 72
52 85
89 97
73 91
85 118
71 117
54 54
38 116
74 85
90 92
11 77
33 70
45 64
53 56
106 107
94 119
26 66
13 90
70 93
8 103
112 118
7 71
32 39
64 93
44 65
32 53
41 99
7 53
116 118
19 71
80 92
36 66
11 50
2 92
5 112
32 36
15 86
24 46
115 119
109 113
31 40
27 70
50 114
38 84
33 108
38 107
20 84
1 41
120 120
78 103
19 34
19 84
57 119
1 23
17 99
46 57
25 52
54 116
15 21
43 75
71 93
40 106
27 41
16 80
98 117
40 121
23 99
98 121
75 83
47 50
50 81
46 100
66 71
98 109
3 75
1 73
40 54
80 114
27 72
55 74
48 90
88 108
47 92
2 4
19 87
21 90
27 116
1 77
22 66
15 121
37 51
6 79
36 65
73 78
30 99
83 115
72 101
56 107
50 54
86 107
92 100
39 116
103 112
10 10
77 92
92 115
5 8
17 48
57 88
35 52
80 112
5 82
38 62
8 101
30 69
21 101
5 45
54 59
27 71
22 26
80 104
49 69
38 46
51 97
9 50
1 33
39 74
18 21
56 109
78 117
30 74
26 34
63 119
55 67
2 99
65 94
63 118
5 22
50 83
35 42
24 85
74 108
15 91
48 93
89 99
18 86
101 117
114 116
15 115
38 58
59 76
37 96
23 118
31 61
76 112
30 104
27 42
60 61
50 63
21 83
62 115
68 82
4 37
97 99
38 48
59 119
66 72
16 84
11 59
2 114
27 87
36 53
36 59
12 119
27 98
24 50
58 97
10 91
40 118
72 110
56 60
16 83
19 58
54 61
26 48
7 76
69 73
7 88
29 95
11 24
10 31
14 56
26 58
25 84
34 92
32 55
75 93
10 12
2 25
26 61
31 119
12 98
82 116
11 114
40 51
64 87
38 73
43 86
23 46
2 97
53 92
49 106
22 36
1 114
24 87
56 62
27 58
44 64
38 41
12 107
76 99
16 89
66 79
17 105
27 43
55 121
81 112
68 81
9 73
21 69
51 64
71 108
4 102
98 114
84 92
57 95
19 26
41 112
5 5
91 114
26 101
32 42
2 63
91 95
10 109
13 80
22 118
32 46
89 106
51 116
8 80
89 117
84 120
27 117
47 68
86 92
52 91
91 106
13 17
39 84
27 55
83 85
28 35
99 103
106 119
16 29
48 103
84 121
28 77
91 93
27 89
8 51
103 110
112 115
16 116
31 47
18 81
13 121
18 114
20 118
86 119
86 117
94 98
4 97
47 71
75 94
63 117
16 101
4 32
49 117
37 88
12 34
86 118
7 74
11 101
88 99
57 120
35 45
58 118
43 60
16 25
105 111
28 29
81 91
86 112
98 105
8 102
52 73
62 101
60 68
5 36
29 36
1 36
1 4
1 102
27 30
99 119
12 62
63 92
22 56
4 13
35 118
11 34
55 113
60 88
28 67
27 104
22 112
48 114
69 91
51 68
5 61
19 75
20 109
1 12
2 69
68 83
7 80
18 35
52 70
63 86
42 108
34 95
75 110
59 86
58 61
25 102
50 56
33 97
77 110
63 67
50 110
52 58
19 33
47 52
41 104
105 112
39 94
52 68
8 45
62 112
71 121
36 76
22 22
28 75
72 77
70 76
79 83
33 118
45 85
62 78
13 37
37 104
24 76
75 115
53 64
81 86
66 116
30 87
80 90
72 116
2 77
56 57
8 17
6 47
113 115
52 71
16 54
46 114
58 111
1 10
26 95
11 75
9 112
97 116
21 82
10 102
36 114
14 77
41 114
24 107
30 34
44 97
72 121
19 41
52 72
17 98
73 80
16 72
26 65
25 57
38 85
28 45
42 118
42 53
10 119
90 98
31 77
36 71
57 99
54 90
73 102
38 61
40 81
33 99
12 113
20 33
45 116
3 42
27 31
48 59
90 112
22 49
9 61
33 53
15 117
44 111
76 106
86 105
8 14
17 119
26 108
2 76
14 108
69 71
47 65
37 111
9 67
51 98
26 62
82 90
47 58
32 62
13 34
93 108
6 55
38 104
41 55
46 80
50 72
56 64
34 114
5 99
60 104
59 95
46 107
21 85
28 43
42 87
4 42
2 54
11 12
98 112
45 62
72 91
18 107
29 61
1 96
41 68
99 100
51 93
108 109
40 86
68 98
50 111
9 14
66 86
48 91
38 113
97 102
72 79
22 113
37 37
55 80
21 67
15 32
24 110
14 84
1 89
14 103
26 41
17 50
20 43
22 29
78 111
45 50
1 9
71 80
1 17
38 95
4 70
54 114
32 58
39 45
49 107
19 117
31 68
70 101
16 33
86 108
52 100
11 81
38 120
21 35
35 36
60 106
19 56
65 89
46 121
4 11
95 107
77 77
6 64
117 117
94 107
19 102
51 111
3 35
55 101
87 112
31 78
19 69
71 111
36 116
36 93
97 112
50 104
5 16
55 64
10 93
22 99
77 91
3 9
15 30
15 108
73 100
2 95
52 86
4 27
56 110
45 115
38 82
44 107
3 33
86 121
1 27
11 99
48 82
40 52
4 35
91 100
26 28
6 95
27 47
37 83
20 96
4 115
40 56
73 81
18 62
48 63
3 85
78 109
78 84
12 61
3 96
36 78
57 64
7 79
50 50
69 102
3 45
67 104
48 65
7 91
42 49
51 107
22 86
49 75
6 44
57 78
13 105
10 117
4 109
10 97
5 52
46 93
54 112
12 80
40 83
42 71
83 88
8 23
60 109
57 59
13 86
63 98
5 70
70 89
26 47
56 73
4 100
5 28
53 111
23 101
62 121
16 96
36 77
3 112
18 29
16 81
12 108
42 83
23 75
58 106
71 71
18 85
4 106
68 69
39 51
3 65
100 111
2 31
16 47
5 91
31 41
63 110
47 107
15 79
81 110
84 117
18 104
2 90
28 78
44 59
9 35
33 75
81 121
92 94
57 62
13 98
54 80
87 104
6 30
59 93
30 46
66 118
32 85
46 91
25 77
10 41
23 77
3 95
26 91
25 43
23 25
18 33
32 45
67 95
8 92
60 85
19 107
54 119
21 94
15 26
26 60
20 120
92 99
69 121
47 76
42 116
52 93
5 116
4 99
43 120
43 83
51 100
89 113
110 113
90 103
25 104
16 21
38 96
45 120
13 26
55 117
73 76
37 109
38 56
76 87
51 73
55 105
42 77
25 100
27 107
64 89
74 84
47 103
3 94
3 99
23 100
58 62
7 90
50 84
48 53
41 90
5 6
72 86
85 110
15 38
8 27
25 110
14 101
22 80
25 73
11 11
54 55
26 37
69 86
8 66
28 88
29 80
45 109
12 47
14 41
50 58
10 84
71 110
32 51
83 91
32 63
42 73
47 94
42 106
76 107
11 55
12 94
13 85
107 121
43 85
8 77
82 110
4 83
21 37
6 21
60 119
56 79
22 55
118 118
3 54
93 97
93 111
17 79
57 114
9 26
39 46
77 101
14 26
49 82
25 29
51 70
78 89
26 73
67 107
40 72
44 82
2 117
14 27
54 70
87 121
59 68
39 66
111 118
71 120
26 52
111 116
20 45
52 107
31 53
36 67
9 116
39 103
88 101
41 101
21 61
18 96
39 89
29 74
18 19
19 94
36 94
13 91
50 82
46 84
13 87
28 38
63 66
21 63
14 22
64 116
15 71
26 102
71 78
30 75
47 84
5 113
38 81
39 44
93 104
9 113
82 96
9 9
105 106
3 21
71 96
5 24
98 100
24 67
12 50
16 52
52 61
9 29
20 67
66 119
6 107
25 47
14 20
11 43
9 119
61 86
48 81
13 51
41 95
20 115
78 119
24 93
108 112
103 120
2 96
30 33
83 121
15 59
70 111
90 120
79 107
72 95
64 88
19 77
64 68
16 95
44 77
73 110
53 120
29 56
22 90
42 64
4 116
11 29
45 106
36 68
20 23
33 51
18 24
55 95
35 59
77 98
55 59
36 56
27 86
18 82
84 100
24 90
50 80
11 26
23 58
50 120
87 116
78 110
96 111
20 83
112 117
22 64
43 109
42 84
46 82
91 112
6 15
66 92
25 96
30 108
45 75
19 99
65 99
36 54
22 45
29 30
4 85
16 113
44 87
14 72
30 54
27 85
65 121
47 110
18 59
7 112
100 110
55 77
37 45
34 113
60 121
29 76
37 110
15 106
45 79
31 89
4 78
111 121
53 112
85 103
40 113
46 75
105 115
3 71
35 88
97 120
52 120
10 79
62 76
80 89
81 89
51 69
108 114
30 57
43 49
44 118
37 66
4 98
88 114
30 78
22 111
37 120
16 76
34 82
41 78
16 74
28 97
2 72
2 89
33 44
12 102
6 117
109 117
74 112
6 115
39 50
14 42
76 96
70 120
8 52
4 68
2 46
17 77
1 30
99 116
14 34
41 97
96 108
32 59
12 99
26 120
18 117
39 85
7 104
53 113
44 110
74 101
39 102
59 97
1 83
21 41
109 116
29 51
4 31
78 104
17 115
63 88
21 111
45 93
62 106
14 62
10 86
13 16
10 100
71 83
6 85
1 44
104 117
65 112
75 106
43 90
51 59
22 119
79 118
57 87
66 110
17 38
69 106
31 110
41 87
27 69
72 94
27 119
33 90
49 118
69 119
18 79
18 31
81 113
53 102
58 108
32 88
61 65
5 54
90 93
26 26
47 78
52 98
36 55
13 101
72 118
2 106
22 24
24 38
80 87
35 55
30 41
72 97
50 55
1 16
70 79
35 54
77 81
38 51
19 64
25 94
35 85
30 64
10 105
43 92
67 100
19 44
9 55
5 35
87 88
8 117
67 99
48 78
12 15
18 48
31 112
9 43
23 92
6 39
16 103
78 83
25 41
87 93
1 100
31 56
1 8
50 91
48 92
14 114
21 96
13 38
52 64
27 45
53 67
56 83
27 62
41 100
93 118
16 63
11 40
75 102
40 114
51 119
90 114
5 30
59 89
31 43
17 54
6 40
34 106
75 99
46 95
48 109
16 111
43 118
11 104
21 46
45 104
72 90
34 93
6 28
87 98
2 34
52 78
44 93
45 61
65 74
37 74
57 100
16 91
100 120
1 59
35 57
9 23
59 116
71 99
49 93
7 36
4 54
55 55
17 84
11 44
34 119
23 33
101 104
5 18
37 116
21 56
42 95
12 19
71 115
15 103
99 115
15 74
39 59
71 97
41 67
20 42
63 69
96 116
1 111
20 60
6 110
15 44
49 96
49 95
53 74
12 83
40 64
107 109
75 91
81 106
45 102
18 106
67 112
72 85
39 76
1 35
113 114
30 121
38 103
4 93
114 117
11 62
59 85
72 120
42 43
26 116
19 101
36 119
38 89
32 84
31 76
53 105
45 80
74 93
31 80
65 100
37 50
26 82
28 114
49 119
9 100
25 30
72 73
60 66
7 68
69 78
31 49
65 116
4 55
33 72
40 117
24 51
3 110
22 52
15 81
69 81
7 26
2 91
42 75
1 14
5 32
37 90
15 60
86 109
90 101
25 39
56 95
45 108
37 103
1 99
74 98
60 83
66 88
54 85
16 110
41 71
43 115
94 106
18 18
81 98
59 104
48 94
32 34
28 60
14 80
2 83
46 70
36 61
47 64
66 77
14 107
102 104
32 116
102 111
97 106
12 85
46 111
14 75
41 84
22 89
22 97
30 50
33 96
26 84
40 99
31 100
71 76
10 74
17 65
89 98
68 75
64 64
17 17
26 31
1 60
87 108
19 59
6 68
15 34
13 93
4 79
38 102
61 115
44 84
19 97
3 23
2 37
99 102
91 120
45 82
40 78
24 61
5 48
37 106
43 67
15 84
57 92
73 105
23 82
44 88
93 99
17 93
34 43
33 48
58 103
4 30
22 32
88 88
17 29
22 67
52 52
34 71
99 104
44 106
39 58
4 17
42 109
27 106
28 28
110 114
57 116
22 44
13 48
24 55
81 107
30 68
112 113
39 60
72 115
41 105
26 107
18 28
32 70
41 83
23 97
47 48
4 45
11 92
53 78
12 28
30 31
25 62
12 60
32 68
93 105
20 57
28 92
11 97
49 90
31 82
105 108
46 90
27 56
87 105
44 81
38 91
65 86
76 83
45 94
6 80
13 96
20 94
13 110
34 108
56 86
6 102
13 27
49 61
21 50
14 36
63 121
113 116
34 91
15 41
22 77
17 40
42 82
17 45
8 70
35 103
15 77
39 98
4 74
95 119
70 119
3 34
17 112
15 31
31 73
44 52
9 82
6 109
106 112
10 45
109 120
99 121
5 97
24 59
86 110
14 83
55 58
61 61
28 72
25 99
93 119
15 120
67 121
63 107
78 107
31 42
42 63
71 107
68 79
92 114
29 29
9 104
41 58
15 62
6 120
20 93
112 116
92 105
10 111
37 81
66 93
29 52
111 114
90 96
2 105
5 93
6 7
3 119
62 105
44 62
81 118
50 107
29 108
31 83
61 77
22 23
50 65
9 47
9 102
48 48
40 60
17 24
73 75
15 90
65 76
24 58
37 47
42 93
6 6
8 10
18 40
1 54
98 102
1 72
14 25
69 111
62 119
41 65
31 88
107 110
23 104
89 120
6 51
15 22
5 9
17 70
4 4
29 83
75 97
23 41
26 92
63 78
20 71
33 84
1 105
95 100
38 87
14 17
10 34
27 53
19 38
12 106
3 111
21 97
116 117
25 83
59 103
75 90
4 110
29 41
66 105
57 97
11 100
33 105
63 94
35 43
65 83
18 95
6 48
105 107
2 84
11 32
14 96
42 112
56 85
48 116
89 109
13 32
64 97
5 49
51 92
43 53
110 112
27 105
62 114
58 75
63 77
31 111
43 107
33 64
10 80
29 82
58 95
13 45
41 79
73 83
26 54
33 101
56 111
54 88
12 21
25 60
20 92
19 112
9 120
97 111
67 79
34 117
86 96
92 93
27 36
64 72
10 23
7 92
72 98
86 89
42 66
103 109
81 115
32 37
105 120
51 109
26 79
33 60
2 98
23 64
58 68
28 111
103 105
65 69
95 102
14 117
28 107
58 85
88 119
34 96
74 120
67 76
58 72
61 78
54 108
23 106
46 67
47 51
20 78
77 109
10 11
67 89
9 18
111 120
39 117
78 113
48 113
16 117
28 70
57 74
79 109
88 118
60 115
42 72
35 96
41 107
42 103
12 66
6 111
69 104
33 71
32 48
37 102
100 118
30 58
96 109
17 67
84 114
27 44
39 68
79 106
85 117
52 76
86 86
10 77
73 121
29 45
20 95
62 100
17 36
69 114
79 89
10 85
87 90
104 114
52 67
18 91
37 59
68 73
32 77
15 25
17 56
24 53
81 97
31 91
55 56
29 42
18 87
28 36
72 84
37 76
25 117
72 102
27 49
52 81
88 113
41 57
15 104
17 118
38 47
79 114
21 43
27 65
68 111
84 95
42 86
79 85
2 7
50 71
16 114
66 102
16 106
46 65
65 104
74 91
23 113
80 81
13 100
11 14
8 44
12 59
102 102
33 107
28 68
21 91
29 44
65 71
84 111
30 80
90 90
59 61
40 80
12 93
4 65
20 62
8 8
16 70
45 51
10 116
55 120
11 113
15 97
76 88
45 91
108 118
18 32
70 116
16 58
29 97
26 83
46 73
6 29
37 80
6 61
57 81
42 70
15 98
75 80
58 94
71 113
12 69
30 72
58 89
4 36
69 77
55 119
40 110
17 18
14 87
12 90
4 113
39 56
6 103
11 95
26 111
6 74
13 29
21 48
48 70
20 25
18 74
2 56
41 75
21 108
6 41
32 43
75 78
17 28
77 88
12 31
25 26
73 106
31 85
61 80
23 31
70 73
12 54
4 63
64 109
39 88
42 46
87 111
64 102
13 67
66 89
7 13
34 56
54 57
97 113
73 99
60 98
54 109
93 96
85 107
30 89
34 80
21 89
86 87
35 62
28 82
13 33
25 46
101 118
16 99
13 102
52 101
23 42
48 89
17 111
67 83
88 91
7 118
3 60
8 74
33 36
43 71
18 73
80 118
16 35
57 60
30 40
9 94
2 10
62 95
52 121
60 69
11 46
85 85
52 59
13 24
15 36
36 70
47 60
48 99
76 94
53 81
46 81
1 49
104 118
48 115
3 4
82 83
65 67
1 85
18 120
21 71
86 120
61 100
65 108
79 115
32 75
39 97
66 78
70 77
18 63
9 84
118 120
74 104
17 31
25 65
59 63
18 46
25 118
12 103
72 108
69 87
31 79
4 33
16 49
28 69
26 76
3 83
104 116
38 115
57 91
33 43
28 44
26 121
5 12
19 121
12 88
55 96
32 56
26 46
72 105
55 94
62 63
4 22
73 116
42 107
54 68
33 59
35 105
61 87
76 100
7 29
28 55
34 115
45 81
20 117
20 66
32 120
25 31
42 50
13 71
28 113
92 109
74 116
41 110
5 65
14 115
68 70
80 95
64 91
33 110
13 35
29 89
18 97
24 88
18 121
50 97
89 115
45 58
70 85
63 63
43 77
80 88
61 71
46 108
87 106
32 111
85 96
39 73
62 102
74 113
21 45
32 66
43 100
22 35
70 96
1 115
69 74
2 71
53 97
55 86
30 70
63 104
13 50
17 78
22 38
24 116
82 93
36 58
13 61
29 31
29 62
104 105
62 90
103 119
7 33
77 86
28 53
60 116
110 110
7 69
18 92
1 91
6 20
29 54
8 63
21 47
61 90
21 40
110 118
29 86
104 120
3 49
15 116
66 121
93 93
51 77
70 109
40 92
46 94
24 101
89 121
109 109
34 38
12 33
7 111
37 115
5 59
47 53
91 94
15 102
6 45
29 33
23 24
46 66
16 82
76 109
82 104
43 101
17 33
10 95
87 89
48 68
16 61
14 74
2 21
87 119
57 106
23 72
23 96
101 111
81 96
31 64
14 91
55 103
28 50
6 71
4 57
41 85
93 112
8 121
87 117
53 117
33 115
106 120
1 43
41 82
38 90
86 94
7 73
23 29
39 99
98 120
47 61
6 52
5 72
33 113
16 39
25 91
17 76
99 109
55 63
45 119
49 102
68 120
41 54
56 69
82 98
75 98
91 101
41 116
57 68
37 48
99 105
16 60
32 83
43 97
63 109
73 92
58 78
13 25
77 117
82 95
75 81
89 94
77 83
28 74
57 79
36 108
34 107
49 59
55 90
18 75
55 73
40 77
40 41
26 56
81 119
94 101
21 115
57 115
62 93
16 67
18 20
18 36
19 76
18 84
52 69
104 119
22 51
30 38
7 86
12 13
43 82
28 33
49 121
35 80
12 30
39 114
3 8
14 86
17 82
21 32
52 119
44 116
68 109
3 41
21 28
115 121
2 29
48 79
56 101
47 102
81 94
70 108
47 109
8 33
50 105
48 55
9 15
54 120
68 113
74 117
36 42
35 66
28 48
102 113
15 29
9 81
12 104
32 96
2 118
20 26
20 105
10 65
97 114
51 89
31 102
19 45
51 75
46 88
107 118
104 121
35 69
59 75
12 45
91 105
33 89
111 115
99 118
60 65
13 111
103 104
61 85
3 82
35 101
50 86
25 85
9 45
90 104
3 108
58 92
17 88
10 108
80 97
24 74
105 116
53 99
80 108
31 51
17 121
43 55
39 70
15 58
36 40
84 102
21 27
59 60
86 93
61 64
94 113
77 116
37 108
47 104
40 50
40 112
16 53
68 90
90 105
13 49
41 48
28 90
99 106
46 113
13 109
31 39
66 109
65 65
35 35
8 68
44 66
69 107
46 49
85 120
29 55
77 103
16 68
52 111
54 102
108 113
47 69
31 36
7 22
49 58
35 58
7 11
117 119
50 93
20 53
79 119
71 88
27 118
3 104
35 63
16 118
58 100
95 116
63 101
10 82
9 37
80 94
35 65
15 96
15 56
57 83
40 95
56 114
70 94
3 40
34 102
87 118
11 74
37 40
50 99
38 108
60 84
24 48
21 103
46 99
34 35
40 67
72 92
3 114
72 75
11 117
108 117
31 57
92 92
18 68
9 11
13 22
9 107
97 97
8 57
109 118
72 82
43 76
56 84
30 63
70 82
35 86
14 38
78 121
15 16
59 107
31 31
15 78
26 97
9 79
78 87
25 79
24 97
12 55
31 44
94 97
74 106
107 119
59 98
26 33
4 25
1 28
35 83
20 111
6 13
28 116
42 114
19 81
10 36
108 119
8 76
9 59
66 87
35 46
23 38
30 113
18 108
60 86
49 77
87 99
22 68
45 72
48 106
42 58
92 113
71 92
37 98
57 107
102 118
23 80
50 59
36 79
42 56
10 27
9 40
47 54
77 96
90 116
73 84
34 98
35 56
41 102
53 106
14 30
12 121
31 54
35 77
15 110
31 97
20 108
116 116
8 65
49 88
16 37
7 31
33 65
13 92
39 72
22 88
56 71
29 92
38 53
68 89
48 84
50 119
7 58
73 95
53 76
29 103
30 118
92 117
14 51
6 96
68 116
16 55
73 101
65 98
2 42
45 53
23 90
12 24
80 101
52 102
1 119
23 83
3 70
74 76
23 68
59 92
96 113
43 46
5 77
75 121
3 12
37 52
7 108
69 105
23 112
32 90
31 52
49 97
21 76
27 99
62 99
45 92
59 62
70 99
45 87
31 62
17 46
8 89
79 117
82 101
72 103
71 75
92 112
54 110
11 42
29 114
19 68
23 53
13 104
4 118
94 114
75 100
5 117
33 66
83 106
24 63
19 86
108 120
36 109
33 117
27 66
24 80
52 65
21 119
42 55
32 118
43 63
6 78
28 106
42 117
17 97
13 81
106 121
86 111
86 116
40 58
30 44
21 58
49 114
58 113
6 99
79 120
29 84
12 82
11 115
15 112
44 60
32 49
94 120
22 71
37 82
74 96
25 74
79 97
75 120
1 71
95 103
5 55
93 95
64 101
1 86
63 111
20 29
2 17
46 118
32 101
51 56
9 12
40 42
66 75
5 15
10 37
62 62
10 89
27 96
4 75
38 77
67 81
76 95
10 61
27 37
16 75
62 108
22 108
26 104
109 121
81 93
50 51
76 118
57 75
35 78
80 86
49 94
2 62
67 98
110 115
92 103
1 65
61 113
62 104
16 107
45 54
74 107
20 85
15 70
21 62
29 39
13 75
85 121
8 50
93 115
13 44
69 85
73 86
13 73
2 39
6 104
8 96
29 109
73 98
18 105
94 116
63 81
92 96
83 119
7 83
14 21
85 111
23 93
32 52
75 87
34 62
95 96
12 74
70 91
41 61
53 75
54 86
7 48
50 57
96 99
45 97
95 108
49 91
4 88
2 70
24 71
56 70
28 102
43 95
12 65
30 120
19 57
28 46
14 113
44 49
32 86
30 60
47 80
73 115
70 118
21 53
43 93
19 31
77 95
7 38
3 64
31 50
45 60
76 78
30 117
27 110
48 108
30 112
33 86
49 86
42 90
11 88
25 78
53 82
43 81
15 113
71 114
57 121
48 77
38 72
64 73
12 73
4 10
5 11
1 107
1 92
55 76
51 62
13 15
61 97
4 117
60 62
93 121
25 113
59 106
24 49
7 96
19 35
37 62
7 27
46 76
41 49
22 33
83 93
3 81
23 27
25 36
87 100
14 28
55 102
17 42
111 119
58 73
33 68
81 99
17 107
42 68
44 50
11 36
49 89
46 62
83 108
7 55
1 121
61 74
5 37
78 101
51 65
36 110
24 37
64 98
67 77
106 116
38 71
26 112
88 98
20 39
107 114
51 85
36 52
66 85
57 67
38 88
48 87
62 107
35 89
30 51
11 35
12 92
31 32
52 104
42 98
16 121
54 104
76 93
54 84
18 43
72 72
56 65
3 11
43 88
30 62
11 13
14 71
93 94
51 110
33 49
13 72
88 100
42 104
95 112
28 87
47 95
76 92
85 98
57 73
70 74
61 67
43 89
89 111
38 118
19 90
22 95
35 100
37 119
106 117
96 96
12 44
28 34
102 109
42 97
6 32
1 66
51 86
32 92
5 79
63 65
16 43
84 116
35 99
53 54
17 49
25 103
14 69
23 60
27 78
23 66
6 8
7 50
2 41
113 113
27 57
64 121
71 95
83 113
30 103
45 118
33 42
44 86
66 73
58 102
54 75
75 79
5 56
5 71
50 108
45 111
13 21
6 114
1 104
80 110
11 30
116 120
69 120
20 76
8 116
11 47
33 33
55 71
69 93
77 106
55 72
10 99
13 18
11 48
35 79
28 30
17 95
33 61
1 15
45 78
15 114
63 64
62 88
65 85
80 103
34 44
48 86
54 81
56 106
38 78
77 121
101 113
15 18
4 24
77 94
30 100
49 116
70 70
36 88
28 94
106 106
65 120
61 99
20 74
1 112
2 87
39 90
15 43
100 116
12 16
20 113
15 48
84 115
57 112
39 78
2 93
47 56
10 73
53 87
52 115
43 105
83 99
72 119
63 74
44 46
18 110
26 71
25 109
23 63
23 55
58 99
7 52
29 99
21 113
78 97
54 111
17 59
36 60
30 98
15 55
68 72
71 74
3 15
34 116
27 79
14 112
19 88
35 104
9 44
28 121
80 111
85 113
14 32
103 108
47 117
12 91
18 22
63 70
88 110
39 100
40 82
2 28
29 75
5 34
61 95
34 39
59 91
6 49
4 80
13 43
83 96
79 113
35 95
28 39
31 107
23 95
39 121
2 67
24 66
109 111
48 51
4 16
53 66
91 118
37 71
27 84
44 63
59 110
32 108
37 107
11 19
39 92
48 110
25 44
39 71
62 111
44 92
14 37
14 57
43 70
43 68
35 47
28 57
40 97
40 93
4 14
3 67
37 49
51 67
46 98
81 116
11 111
42 100
14 40
50 102
82 102
36 120
35 93
8 87
24 99
24 82
86 95
40 84
86 106
18 94
5 102
37 89
37 42
21 117
17 63
12 42
56 76
82 106
19 21
2 14
37 67
11 83
11 16
15 57
38 109
52 92
47 91
16 19
56 103
4 90
43 44
88 120
69 96
64 70
52 97
51 87
69 79
56 77
53 59
29 111
100 112
71 112
13 115
6 43
10 62
78 102
74 87
55 84
6 57
4 95
55 57
22 61
37 60
85 93
42 105
54 97
1 70
50 100
56 117
10 42
5 64
96 103
3 106
68 104
35 38
84 97
22 73
42 57
52 75
105 119
51 106
52 95
47 120
36 47
32 47
52 84
60 114
24 77
75 95
115 118
17 96
6 25
41 121
35 119
38 75
58 67
9 46
66 69
13 54
39 48
87 94
61 106
50 109
15 87
60 74
10 115
41 50
17 41
67 93
44 80
23 54
8 12
67 105
4 20
34 57
20 68
30 119
14 44
30 76
5 118
40 74
9 69
102 117
44 56
24 28
61 114
81 102
5 90
28 99
17 19
105 118
24 106
20 121
64 79
33 76
14 109
67 82
50 90
18 99
58 86
25 106
50 69
18 115
5 19
61 102
1 82
37 65
31 81
60 120
62 70
101 115
56 78
5 23
19 47
55 110
64 106
17 26
76 113
19 65
30 47
41 115
120 121
49 110
84 112
10 64
38 42
34 58
4 69
49 51
11 53
60 112
7 23
46 48
33 77
72 106
24 68
43 54
65 101
14 14
32 115
22 28
24 41
22 91
32 40
13 62
58 84
13 106
32 110
30 55
58 91
6 9
52 80
75 113
2 3
21 57
14 60
17 74
54 107
7 107
65 115
10 72
25 90
51 101
52 112
88 104
15 64
65 106
7 103
27 67
41 47
13 57
47 112
65 93
7 63
25 51
72 113
11 45
71 81
14 16
44 115
26 86
53 90
38 80
1 87
13 36
29 81
5 25
30 59
61 72
27 33
35 53
55 108
16 32
110 116
7 64
11 96
48 101
42 59
49 63
8 98
14 90
101 103
21 84
16 28
19 73
14 68
38 110
38 111
15 83
22 98
14 29
19 79
56 63
48 71
50 73
53 68
7 78
33 119
28 89
55 81
114 119
34 68
13 114
49 62
41 93
12 35
61 111
21 38
21 31
95 114
22 57
59 105
8 18
1 61
11 76
54 99
24 56
4 49
24 31
66 104
26 74
22 96
1 95
47 96
89 100
98 98
52 74
38 114
96 98
34 118
103 115
62 82
59 79
30 111
107 112
63 114
13 63
85 109
35 102
40 89
3 74
14 18
15 42
85 94
1 25
14 76
6 106
49 71
49 101
22 53
26 110
76 117
2 115
33 109
59 65
18 60
25 116
69 110
1 81
103 114
35 98
25 105
68 93
8 13
19 108
64 113
27 52
99 114
24 121
56 90
76 115
5 103
84 110
79 105
40 61
32 65
50 98
55 91
65 117
39 64
35 114
38 50
89 116
8 97
95 117
75 105
12 89
58 59
10 98
15 19
75 82
71 109
74 97
23 65
58 90
40 98
2 109
78 96
90 121
5 68
18 45
19 19
49 67
69 112
7 87
39 65
11 41
51 103
76 103
20 102
89 118
30 110
12 87
84 85
38 92
88 96
4 29
7 21
115 120
42 62
34 75
13 53
9 74
52 90
31 38
83 98
44 72
19 70
67 88
4 50
59 80
58 109
52 82
24 65
82 119
49 84
33 88
8 94
80 100
38 49
19 85
35 111
95 104
17 73
34 65
70 103
9 53
49 115
47 93
84 109
23 52
21 100
70 114
7 62
37 58
24 78
43 91
117 118
94 108
72 111
9 93
70 115
69 69
10 30
40 79
57 80
23 44
47 113
82 86
31 94
48 83
82 107
64 117
22 78
42 67
50 68
7 8
39 61
6 16
79 95
18 47
13 84
112 121
91 109
21 104
6 89
48 49
32 95
34 84
60 92
33 98
1 3
28 81
13 112
30 30
5 38
64 77
46 120
10 58
25 48
21 34
97 110
95 110
38 57
88 111
22 59
85 114
27 61
67 113
18 42
42 113
75 89
1 75
9 91
100 106
21 98
52 106
90 100
4 28
112 114
24 30
52 79
49 99
10 28
25 38
16 22
86 113
61 68
31 59
7 106
14 59
39 40
47 100
58 93
42 94
40 68
71 118
7 7
23 88
57 110
108 110
106 114
54 77
73 85
51 54
77 79
20 48
11 56
33 54
13 28
45 121
61 107
41 64
20 75
12 117
22 60
35 50
94 96
16 62
7 16
41 74
20 88
17 108
33 103
84 118
60 64
6 83
9 78
7 89
29 40
49 80
17 25
16 48
15 51
59 87
3 30
74 80
10 33
41 43
93 113
13 119
16 112
34 89
23 79
54 67
9 108
66 113
32 94
54 89
80 120
14 65
23 102
13 117
39 52
32 73
5 87
37 46
27 90
8 85
3 115
25 33
26 113
24 62
31 93
77 102
17 110
12 95
24 43
11 60
63 75
59 72
21 55
31 113
73 96
36 51
106 113
49 79
68 99
82 111
3 79
22 110
57 93
78 95
84 105
22 63
19 92
29 77
56 58
8 73
44 103
4 66
34 37
39 63
22 65
1 93
25 92
65 103
11 80
56 113
41 69
9 114
6 112
1 109
17 66
39 57
76 76
20 101
81 111
26 51
22 115
33 67
6 94
22 46
54 73
68 71
19 52
8 41
36 92
8 21
32 119
3 84
89 102
50 118
78 108
28 110
2 24
39 80
24 47
42 65
22 74
14 55
34 78
26 39
32 109
26 53
17 60
22 101
102 112
19 27
44 121
22 40
51 113
5 20
45 52
101 107
68 108
1 6
73 94
74 90
10 114
30 83
28 73
39 107
12 25
104 110
8 118
53 85
72 78
69 95
7 9
5 106
17 100
37 39
67 102
2 8
66 80
45 65
7 116
21 78
68 78
36 86
59 111
72 104
62 94
30 77
70 110
48 111
28 80
10 78
10 57
57 61
82 88
72 107
74 121
65 78
1 11
22 50
53 55
47 83
9 80
17 62
45 114
51 51
4 41
21 22
16 66
28 47
38 52
2 103
40 96
9 13
24 69
27 60
24 86
37 84
34 41
54 74
20 110
31 35
72 88
31 34
7 81
8 59
95 115
83 111
91 102
22 31
84 107
28 66
10 51
1 55
27 112
30 92
16 24
27 88
17 32
76 84
20 65
66 108
83 105
23 84
36 43
23 121
83 118
92 97
14 85
2 85
63 83
8 28
84 86
85 105
101 106
44 55
91 116
7 97
24 102
60 89
27 48
89 107
2 52
58 114
34 70
29 32
25 120
18 116
4 19
84 90
37 61
27 115
6 11
25 32
101 120
62 68
48 73
17 22
77 119
57 63
77 87
20 89
5 115
11 57
10 63
75 75
44 89
44 71
22 72
48 95
33 87
16 73
17 30
45 99
42 96
10 14
42 91
38 67
45 69
3 3
3 61
65 90
44 69
83 83
26 115
42 48
11 68
91 108
45 49
4 26
15 66
49 92
80 105
42 45
17 43
7 65
7 57
9 41
15 49
58 82
89 114
48 88
5 95
63 68
27 35
7 40
88 115
35 37
55 112
62 74
3 69
26 90
58 58
78 99
54 98
47 108
35 76
4 18
46 51
49 54
53 63
64 82
20 100
57 113
54 66
20 112
36 100
67 68
5 62
72 109
29 60
53 93
48 120
14 52
59 67
2 119
48 80
61 79
61 117
41 109
76 121
76 105
98 116
82 91
66 94
32 100
48 100
9 62
52 83
58 105
24 115
9 95
12 112
44 102
9 86
13 31
35 75
82 89
12 120
27 92
23 48
11 109
17 94
49 49
17 64
82 117
36 82
27 111
27 114
46 54
1 46
62 117
57 72
31 104
26 114
45 63
26 80
11 106
69 92
40 43
9 96
72 93
25 59
4 87
79 112
60 107
4 94
29 67
41 52
23 39
42 115
26 78
69 94
8 119
67 74
35 67
71 103
17 47
45 112
82 82
21 114
83 116
49 85
116 121
51 112
23 47
14 93
54 60
60 79
73 93
50 101
71 89
44 100
31 84
68 68
5 63
82 85
34 100
14 94
66 103
87 91
109 112
43 78
6 73
101 121
26 81
51 121
51 102
113 119
17 68
30 88
46 61
51 82
45 83
69 80
70 92
48 74
1 2
4 73
8 48
5 84
8 16
8 43
73 113
1 40
14 82
92 106
37 53
3 5
54 92
11 116
20 97
6 66
46 110
59 81
82 97
16 45
33 78
25 68
34 36
12 56
77 85
37 79
36 118
39 113
38 40
44 73
46 72
36 90
36 62
80 116
56 104
20 103
55 79
17 104
50 62
68 88
23 116
23 37
16 104
84 113
64 67
25 81
39 77
102 106
70 86
70 105
81 82
46 83
2 13
73 117
18 98
15 24
1 103
2 73
40 46
66 106
114 121
8 84
16 100
4 51
100 100
15 92
21 64
45 67
26 100
96 117
20 21
49 56
51 118
73 107
22 85
55 61
17 92
71 84
31 108
46 119
16 108
20 119
62 83
44 96
74 119
23 85
35 115
108 121
41 46
14 47
74 111
44 54
3 116
12 86
46 105
3 39
81 109
36 36
14 46
83 102
95 118
26 38
34 111
32 32
84 99
53 91
28 86
30 93
51 57
29 112
8 42
23 86
79 90
19 103
44 105
27 59
11 52
61 76
60 63
80 117
30 115
14 45
21 118
32 105
29 79
96 120
55 115
1 120
27 121
89 91
74 109
6 26
33 80
88 117
40 107
3 100
42 119
41 88
68 101
69 76
9 21
61 105
24 120
19 105
40 76
24 33
27 64
30 73
37 44
66 114
29 43
35 91
102 107
6 27
15 99
74 114
64 75
61 94
44 78
95 99
8 90
46 96
36 111
18 89
9 48
45 107
71 116
81 105
12 68
78 78
78 100
75 88
78 91
12 100
22 79
9 77
84 96
40 116
65 114
38 101
11 65
29 59
23 35
2 50
78 92
15 54
11 98
7 54
104 104
60 102
8 35
32 72
88 105
23 91
31 121
52 53
17 52
14 78
89 112
8 31
66 74
6 34
82 94
70 87
54 82
83 90
14 70
48 75
58 110
26 45
66 115
51 52
100 107
41 62
36 117
20 27
1 108
39 96
61 116
28 71
56 96
13 20
15 82
67 116
46 63
27 80
97 104
27 94
46 78
14 99
44 94
39 43
9 42
71 82
13 68
60 77
7 41
3 55
40 48
56 87
82 115
64 66
11 79
9 115
70 71
89 95
97 119
21 52
67 96
76 104
57 103
31 96
5 7
4 40
13 107
10 29
89 119
59 90
65 72
14 104
51 79
27 81
47 79
62 84
13 46
39 75
31 45
101 109
73 119
24 40
93 107
9 60
12 20
95 121
55 75
11 121
52 113
36 106
11 94
59 82
3 78
74 79
71 105
9 64
49 105
9 25
23 26
21 60
44 45
42 42
2 15
54 78
4 119
71 77
13 64
31 48
2 79
45 73
10 43
85 97
53 89
116 119
71 72
31 71
40 44
21 93
43 119
10 83
3 27
18 49
9 33
20 98
15 45
86 91
49 78
60 110
71 101
70 78
47 49
47 72
9 38
11 18
94 105
11 78
20 72
21 87
29 38
64 110
25 95
29 50
100 102
45 76
60 108
58 96
48 52
11 112
7 20
97 101
5 105
10 13
38 38
88 94
61 63
40 120
55 85
17 101
19 118
16 105
12 37
15 118
56 121
86 98
20 34
43 43
100 114
78 81
60 76
110 120
22 81
40 105
58 121
65 84
94 95
54 93
16 56
1 79
29 120
64 92
33 111
13 47
12 79
27 103
32 80
39 93
2 112
84 87
7 101
32 33
27 113
30 56
31 106
40 94
51 81
84 98
8 54
45 77
44 112
67 103
89 93
11 72
67 87
3 80
6 119
39 81
74 86
23 49
14 73
9 68
9 83
10 22
37 100
53 114
45 74
96 100
12 52
12 118
12 26
12 46
6 70
5 92
85 89
72 83
34 112
5 31
9 66
9 16
1 7
50 66
10 48
14 31
98 110
106 108
79 110
48 117
3 13
50 117
34 48
87 96
59 83
47 77
34 86
67 80
53 69
63 99
10 118
81 81
42 80
37 105
90 99
82 118
7 72
65 66
4 72
16 119
70 88
8 25
65 81
1 101
9 36
43 80
10 59
75 112
49 81
40 119
105 117
33 34
73 103
9 88
8 79
59 71
61 66
69 101
43 51
20 51
28 79
28 93
8 95
44 58
6 93
47 89
41 92
39 53
25 53
46 56
9 52
67 92
42 111
29 116
65 87
54 56
3 26
93 102
31 86
76 119
41 60
36 80
51 91
44 91
79 94
27 76
43 112
20 86
19 54
90 118
68 103
74 99
19 63
79 81
7 17
82 103
85 100
36 103
61 109
108 116
6 90
3 89
21 120
36 63
21 75
22 116
93 100
30 82
87 115
37 118
17 90
14 116
81 120
1 42
103 107
64 84
6 50
4 84
11 23
19 24
77 80
52 60
47 70
44 53
42 85
91 97
62 81
20 32
8 49
14 118
30 37
4 114
45 100
103 106
26 64
73 88
62 65
15 119
70 112
24 27
37 94
66 99
33 38
25 114
76 90
4 15
8 24
24 117
5 101
7 28
35 97
41 44
52 99
50 70
9 101
37 72
42 54
8 75
41 63
45 98
52 117
25 98
43 113
71 98
13 19
67 115
10 76
44 99
91 115
60 82
34 121
27 68
9 51
28 54
47 88
20 56
90 111
21 21
63 85
53 95
19 43
32 113
79 80
17 83
33 91
54 94
40 90
95 98
45 95
5 86
22 83
13 55
80 80
60 91
101 105
1 37
94 102
11 27
81 88
49 57
68 102
23 115
39 95
13 69
19 29
59 64
119 119
37 99
64 78
92 95
78 114
11 49
58 104
108 115
23 110
57 90
8 83
24 64
94 118
37 56
5 81
19 48
12 84
99 117
91 103
73 108
3 76
25 27
5 10
24 32
5 26
80 113
14 92
13 88
67 72
9 106
48 61
63 89
76 101
28 112
21 24
59 74
45 45
3 48
5 78
40 62
72 114
34 50
21 23
23 45
8 58
25 97
98 113
68 95
25 67
55 87
8 72
15 35
100 108
24 36
66 70
27 97
86 99
50 95
57 77
49 109
93 103
19 66
11 91
53 116
100 109
44 76
52 66
6 14
4 121
2 12
3 57
26 59
100 121
75 118
9 76
75 77
30 86
3 72
71 100
112 119
69 115
50 106
42 120
16 41
55 109
8 30
78 116
36 69
13 99
4 86
37 114
75 119
110 119
58 87
104 111
4 38
46 58
60 101
8 19
8 110
2 11
38 63
1 34
25 87
33 93
90 94
77 78
9 118
32 50
22 117
31 60
16 88
25 25
71 73
66 107
80 98
30 97
85 104
44 119
37 113
10 16
34 79
82 121
102 115
35 82
66 112
19 100
68 76
35 51
59 113
3 51
7 49
69 113
61 104
76 91
10 32
70 106
49 55
31 72
40 55
32 93
28 91
29 49
91 96
37 101
49 87
55 70
19 39
15 88
6 108
101 119
2 65
38 74
46 52
50 79
21 30
53 115
2 100
5 69
26 94
30 53
51 60
11 108
102 120
15 27
10 52
7 119
9 75
9 22
65 110
34 87
2 43
34 94
17 69
21 39
4 6
48 105
40 65
12 14
90 91
63 82
11 93
37 92
62 116
31 109
11 85
63 106
45 57
39 79
42 81
62 85
31 37
69 70
18 25
27 95
19 62
113 117
87 114
4 53
77 115
53 118
72 80
61 83
20 52
2 61
16 36
56 102
6 56
96 110
82 109
2 45
75 76
30 96
103 103
61 82
53 71
76 97
22 92
64 105
31 114
41 120
31 116
103 113
8 36
64 119
32 61
8 37
105 110
39 109
8 104
31 103
33 50
30 84
39 104
55 106
41 80
9 34
54 83
53 86
11 22
5 50
4 82
6 91
3 46
2 6
26 77
59 59
3 32
28 95
17 106
30 102
14 48
42 101
2 5
69 75
10 21
94 110
21 110
48 62
57 111
15 61
63 87
12 78
3 44
39 110
8 22
25 121
1 106
8 91
3 52
24 108
20 80
83 114
66 91
15 95
17 27
13 39
44 101
28 64
77 112
12 51
16 94
72 74
30 114
34 46
14 119
56 116
22 58
57 105
77 93
17 86
22 94
85 106
55 89
70 95
58 63
115 116
8 78
30 79
13 13
108 108
8 39
54 105
78 79
41 41
40 101
59 108
27 82
84 119
64 94
67 108
14 64
22 105
84 88
17 114
32 67
76 98
28 32
7 39
31 74
7 51
27 39
10 24
29 88
50 89
19 110
43 74
76 102
2 110
62 91
29 58
26 98
78 82
4 76
6 69
37 63
89 89
37 86
1 110
50 88
20 36
46 103
2 102
29 53
9 19
15 80
7 75
25 40
31 117
56 99
28 42
113 120
83 120
17 44
102 114
8 55
37 69
57 76
2 2
53 108
27 102
47 106
56 105
54 113
1 88
42 102
37 73
9 10
22 27
1 78
37 75
8 100
43 121
68 119
6 58
71 79
67 91
51 66
2 27
23 69
12 110
24 119
3 29
33 57
25 72
63 108
10 68
2 22
3 36
18 27
48 64
12 12
13 120
11 51
33 69
27 46
44 44
37 121
61 93
53 104
58 107
86 114
23 36
51 115
2 80
36 81
23 78
24 105
25 82
38 119
96 118
48 57
13 76
2 121
33 106
13 95
88 116
19 98
51 108
38 97
34 99
30 107
31 65
119 121
45 46
18 71
27 29
74 94
4 62
24 73
20 77
111 117
46 101
23 105
93 116
77 84
24 91
29 66
16 20
18 109
13 94
67 111
72 117
34 61
16 51
107 115
66 67
8 32
70 83
17 61
32 91
25 64
54 91
24 45
18 51
11 20
38 65
23 43
101 101
42 61
40 75
32 103
97 105
18 66
3 92
82 112
2 49
10 44
2 33
43 52
26 106
16 17
112 120
104 109
37 97
59 112
66 120
41 76
54 117
16 50
23 114
79 79
8 15
24 92
7 99
10 40
34 59
13 14
52 110
20 40
24 111
17 103
32 102
6 36
26 29
111 111
21 29
33 41
29 93
49 74
7 98
8 60
118 119
41 103
24 84
40 115
103 117
60 72
43 87
27 40
63 80
34 63
30 116
60 93
96 119
74 95
29 106
56 74
19 37
36 98
6 62
29 110
55 92
60 103
18 30
49 98
63 84
80 91
19 67
99 107
97 118
20 82
3 93
44 57
18 113
76 116
84 106
2 53
41 77
16 120
20 91
29 94
56 91
29 87
17 117
57 117
59 78
65 73
36 105
3 101
54 100
44 120
62 64
83 84
84 89
31 99
61 121
39 69
23 87
106 109
12 18
21 59
38 43
7 24
11 39
82 92
84 108
23 30
47 47
9 17
58 64
40 88
8 93
9 56
68 96
14 95
105 105
51 55
63 116
90 97
67 90
83 86
40 47
5 39
25 28
2 51
106 118
3 31
26 88
17 53
76 80
69 109
34 53
71 86
107 116
75 109
4 34
49 64
25 35
60 71
83 101
32 81
92 108
34 88
55 118
4 108
98 119
31 92
32 74
2 19
13 23
50 87
63 79
44 85
32 54
2 78
19 30
17 37
26 85
39 87
9 85
28 52
48 69
31 70
40 87
86 88
68 114
67 97
5 85
10 67
9 71
68 84
23 23
58 112
22 107
28 103
23 76
75 86
23 119
3 103
89 92
54 87
39 82
79 101
26 27
96 112
2 57
81 90
65 92
27 27
81 101
18 72
4 5
79 88
15 105
64 71
74 77
34 67
16 97
78 93
33 45
47 81
10 88
2 59
26 63
10 104
57 96
53 94
6 23
2 111
7 42
17 109
63 112
109 119
1 67
13 56
100 113
91 113
35 108
31 33
55 99
53 79
107 108
18 41
56 56
36 85
61 98
37 64
21 79
62 66
89 103
34 60
45 71
34 47
39 41
29 72
1 21
11 82
45 66
2 36
32 107
18 50
64 104
52 87
51 72
108 111
78 115
71 94
18 103
2 48
65 105
21 42
68 94
77 114
20 44
33 100
3 97
7 19
23 28
19 42
46 86
45 96
2 32
63 71
8 29
4 61
10 101
28 118
43 111
37 117
22 39
5 47
39 105
16 27
54 118
93 117
55 62
31 55
67 70
65 77
85 86
9 70
44 68
75 117
41 81
36 96
20 73
21 66
20 35
32 117
68 92
102 103
62 103
84 93
49 70
26 67
78 88
27 63
41 42
66 101
29 100
42 92
7 93
72 87
32 60
21 88
62 96
102 116
65 113
10 113
12 27
100 101
54 65
34 52
99 111
83 107
59 70
12 38
58 119
21 107
1 64
20 79
10 47
25 76
74 75
32 106
48 121
21 68
15 89
59 117
14 120
16 71
20 114
44 75
38 66
81 92
65 70
8 64
35 113
45 55
36 37
15 101
73 104
13 70
60 75
12 39
10 49
1 51
84 103
50 85
4 111
47 85
45 101
12 36
4 67
86 104
44 70
92 119
65 95
69 99
100 103
58 69
97 115
4 112
83 117
80 102
9 72
59 120
99 99
47 90
7 60
28 108
32 64
31 101
26 69
26 49
12 40
19 20
55 88
9 28
18 44
61 70
40 63
7 105
57 82
5 29
5 96
3 120
64 114
44 98
20 107
15 73
20 99
63 76
37 57
55 65
43 50
61 118
21 70
61 96
73 111
65 107
3 90
11 25
43 117
8 53
36 48
35 64
35 81
49 68
9 24
36 73
104 107
83 92
30 42
79 96
28 65
35 106
30 45
67 78
4 46
85 91
43 64
74 78
4 44
17 71
13 97
41 113
50 75
19 106
2 44
77 104
68 100
91 92
54 95
64 80
8 9
24 113
34 49
79 104
55 66
76 108
121 121
88 112
45 86
35 40
8 71
19 104
23 56
60 100
80 119
32 114
62 113
48 112
70 90
3 77
11 110
58 74
73 74
15 65
60 95
90 108
91 107
15 53
68 77
62 92
45 89
32 76
73 73
19 40
74 83
87 102
28 40
47 66
61 108
5 17
17 39
2 55
10 90
18 119
55 60
20 46
1 69
61 81
35 110
92 107
11 107
42 121
50 113
15 69
24 24
20 47
28 105
34 120
31 46
11 66
20 116
72 76
44 109
29 117
28 63
92 116
98 118
77 99
19 111
48 76
6 19
10 38
19 96
14 19
60 80
80 109
47 87
92 104
24 75
34 45
15 50
4 105
60 94
57 69
14 102
69 108
5 21
46 50
46 92
57 57
82 99
14 24
90 102
86 102
61 91
113 118
49 83
100 105
109 115
7 84
4 8
1 48
29 63
3 37
4 39
21 74
105 121
53 121
79 92
60 99
21 80
51 88
73 109
86 90
62 97
96 104
6 75
82 84
20 30
71 87
34 40
86 101
34 77
59 118
10 71
104 108
65 97
98 111
78 106
27 50
42 88
62 118
6 77
41 117
8 62
