301 1660
cqxfhhfc
kmmqehmd
maetdtcjnfy
rguvmuwctzq
oohuktqhl
nxihzsfv
gsmiiud
bxdvphrigq
kypchlakk
wxdsksdq
spwouezbrq
oxpjgcgc
qqgeolg
ahcoyijnhwjo
fbkvwyfuyw
tjzhgcrsftw
mfllzto
mipunzlaslk
mlrfkcoiw
chfxuwcyuub
cinjlwx
wdxwxdntbktl
pjjobjkdeeg
uilpqmzqqqi
dypkzsym
qsuxhvcgj
fudjmjr
hogjybcgd
aewawzrv
brddzuavzh
muvesukn
zsednbles
quugorptmiu
xlvdpetfb
tldxqhumu
udrpfikr
vxclmtlud
mqsduqbmbde
vjcerowbnuso
edbgsaa
ssostwbzgrs
rqrravwbqhu
pfvnshrk
rhqzcuak
wvrwdpgx
zuycwmcqakdo
xmwvcti
avqugfwgrq
dhqkkghx
bjqulskxojp
tghprsk
kefiouw
cyvvvnz
bafonqhceez
umgilwlqie
yksregz
fqmaoqotnq
vfwaezlj
nzlcijsbc
ushlwcdil
ztftivdbke
vhdakcmjjr
rgexeeihpw
yyisinma
dbmnagae
ephdetadmwvy
sllzumn
awhhmngg
qbegaprijtks
loosjcatgr
lbtxhyw
togtlaukslc
iapcvhon
yvkclop
zfjpnqv
xweqrwiqa
unczeiu
mybbewuu
jhthtrlufwbf
pejbrtlny
prakupukrkh
gtxqncaqg
nuhvyvra
bwpmstzs
nrtushemivk
cycptctbv
sbvhayy
rgiewzjejlt
yejvvgtcesu
ypcgvkbismo
rwjtfdvvgkt
xriacej
ijiqiheptl
hxnuwuppc
dlkboawbyw
geqiyhymios
ftozuornab
tzupiyjfke
pihhncl
xvaahmkl
slboiwmyv
pijckqf
uslbghewkiws
ugpzkpbylxr
xbklhiys
rrzjbzndidgr
oluvgxkftv
jmbbmwtksnlt
omxtudhuifp
uhcmstjyfrcn
jjffccae
cuebmxmu
ozoyxkbo
bmmahqcvv
syjbfvxvum
tkwhszumbu
nwwihhy
rtkqgtydo
ucbyhkp
xykisiixo
uxkwivrjpcu
bengzfugs
oizuwfqqenbj
xdxzagx
lgyxvllnlvh
beuizftpphog
vidnulnyupvh
bkxjsra
mgsznfrrm
qsrkhcvrysmm
ghtcrpinupn
brfutkdhy
otzwkgixl
vlifymosuuld
cqyfczzjfkui
quaokge
avmldbq
lkgkzchbzmon
ctqxtcfx
eymhevnkigw
bflnrvlyne
ceqylvrfm
ppkfosjrwvc
lxggufzjswih
uoilxarfvrgi
gagvucwmeu
arezehkqx
xuyrcfbhtzk
uqdlvbuktxtt
zjfkaesypn
bdycrnbs
fyizlumgt
xbruyolrgp
udcsfdgdfidk
mnpxjakq
icfulvygobvh
kfyngvr
kawcoxflktw
dejrcsmwrlc
upkevrxupcs
bdeiqfbcoqyc
jzaijlmpkxm
yegcafpcgl
qzywipbg
utttzvspz
cyhzhdddkdlw
apiatzza
rhoshqjbsjhk
batnxcxnbzxf
jtauqfvqmjb
vcvkswdyisu
zvzagsam
rczwnqloibrr
jldbxshzah
nyvibqtelhs
ulatzimoatip
rhhwfcozlf
hwxevctbnmlh
htxndgh
mkvfrqmrx
tjneqcjnlzxv
olaijfcay
suhdixxak
erqngheb
iifxdquwgs
vspwexye
fenxxshxdpaz
hxtwgsuy
ezbvlit
cxmxcnmjt
ytyzfzdcz
wqrynzyundu
zavcyjohnrj
cwdsnoehl
ubqxethohjs
ttbdhzsoqcbz
zymtmkeo
cswvpgpftick
ybaukznkvlno
hczensp
iszdujznopbv
bzapuaa
rabopns
maqexzufi
mbzrxsmgrx
ytizzrbvevvl
ytqigqgvktum
lofofbfmrcc
bjdqcfcaro
uihvhgmwkvz
ztzoekpxmuhs
jdohioaodyzf
kyggxtlifcui
uckzkadzz
scpmgtmq
ocmrmiigwsk
lixfvgbyxr
imwbprzgb
tfhnhfeeep
wagpbfneprw
zwmxapib
dftevldrikn
ypncsjhjuf
kliosmbw
mdftmxysy
rmcgwtw
rufxozpmbrz
sgjghkbmjf
yuntszxqwws
owmxbfeztr
ihutqzjk
rrzzydylh
zjzwjju
bjiegzwsyler
hmxqaywg
auzmwuipij
kgqgfeqbgy
zrzlowwug
pvbdywlw
dsaykqir
ytlkbqdtfeuf
dqaeqxmui
tdwqbsexyfvy
vrnchyx
afltmlu
dgaqeqtitpu
ybbqaldgw
gkqqxukisbpw
xieshmv
blxvonxwgrfj
irudrvq
wiuredmhfji
huvsxtjlpxz
jeduyljbv
yjmejcw
eqmriioq
wlbezee
lwdxhgogb
wgkcixeslm
gdstyqg
aagkazixtv
bzfqplrrlu
cuingtnh
lqpocwn
eitjktziwris
sleoqrss
rldoybmsezk
mvjafjwxcfis
bqwlemnkvky
dboaekapz
gfchomfqyhd
bkynxgoyal
xqjsyruxujh
rmepfykwkkg
bkwsifhi
juepekrplhi
ulwgoyu
awpcdlnbhxea
cryovsxzxzc
gbyvdsapllb
xcswgzg
zlfbevhz
ngicpzoxtuqx
rbhssfvd
dygvpevnadkh
xktuvhsewt
xthswin
gyzhghbqtp
nbkecqmfz
hxhwucrcyp
naxszwe
frlxcbz
qabixnu
bmlfjkvocxa
gubbuekcail
wytrnisxex
qagfoqpl
hvrocoeemtm
ximksexpp
yqtrbtapsyvn
rflllmlkgx
39 94
178 131
67 157
133 48
102 241
186 124
265 215
183 26
142 299
203 265
241 138
222 83
200 111
39 44
92 46
164 129
227 35
259 29
156 197
95 262
43 186
199 212
230 211
143 135
246 264
123 272
234 32
262 224
164 246
31 112
64 77
106 172
291 238
271 74
285 157
139 213
63 2
116 69
191 54
278 82
237 167
59 36
208 14
142 96
195 213
79 16
48 96
74 62
99 44
128 46
4 173
127 254
218 167
83 159
212 260
286 88
186 4
33 121
288 221
158 228
143 112
146 196
241 46
141 13
240 238
15 201
7 263
199 82
128 103
80 283
278 286
282 34
73 144
301 293
175 140
19 201
105 238
136 132
152 115
301 152
88 94
7 279
158 279
26 179
200 113
2 168
219 144
196 102
30 240
218 112
192 113
216 1
14 241
253 175
199 124
213 259
228 284
153 5
187 270
295 212
176 193
278 207
42 285
138 78
298 136
215 291
214 142
144 131
50 250
78 211
208 61
242 65
132 214
23 3
56 137
284 7
144 94
96 258
43 283
154 273
3 60
56 228
111 247
297 62
41 204
28 74
105 16
239 7
215 282
149 84
299 185
93 36
50 199
193 165
39 251
242 155
139 112
299 96
247 284
177 247
282 256
107 145
228 44
212 195
152 159
221 133
183 92
294 194
251 75
251 104
72 214
24 41
1 284
103 138
6 155
196 93
99 225
279 27
116 269
286 7
101 201
148 131
78 243
126 147
265 11
198 137
291 127
122 116
152 173
189 112
97 22
33 73
231 154
221 211
185 150
86 293
82 239
221 78
288 46
189 203
47 103
58 72
272 184
285 63
217 81
271 296
226 240
63 14
104 89
129 275
297 33
274 90
192 49
136 245
35 208
41 262
127 117
288 27
115 89
282 226
103 258
268 167
134 50
264 192
181 294
115 132
187 116
36 76
72 16
21 94
152 90
204 108
186 184
144 41
118 186
32 271
254 182
300 108
132 198
219 54
32 177
99 5
164 105
8 229
126 147
102 258
43 221
191 78
172 45
211 166
22 203
64 89
122 212
247 276
288 242
155 148
115 68
213 273
105 83
76 241
276 203
275 301
40 261
7 137
268 48
2 167
103 276
177 195
219 54
229 283
198 29
289 185
211 198
33 255
24 143
266 282
229 163
139 258
263 129
241 289
167 120
287 212
134 38
112 2
114 263
180 37
131 254
285 226
114 242
7 146
231 93
47 11
89 65
36 224
214 265
172 295
149 117
7 77
163 239
106 19
28 91
301 230
44 113
73 9
248 101
208 83
59 160
65 150
32 20
250 290
147 9
58 43
220 19
150 50
100 192
130 139
201 6
95 43
136 35
106 268
202 52
214 287
301 192
201 99
233 15
85 160
7 79
43 22
110 220
90 229
268 52
67 135
295 174
227 100
214 141
38 138
131 156
156 50
209 144
80 83
120 43
172 235
147 162
270 295
110 48
216 124
23 15
248 56
251 185
55 182
231 206
53 213
118 81
248 54
248 65
65 130
79 285
183 297
100 81
232 51
152 181
114 301
200 25
4 239
251 284
4 171
253 278
174 25
133 212
62 136
6 123
29 188
178 173
3 287
166 239
72 205
121 108
114 134
163 195
33 98
4 141
41 125
81 7
293 188
14 298
45 163
16 265
53 160
199 5
10 275
252 157
216 12
200 178
96 267
34 189
106 224
83 177
197 105
98 98
282 40
300 206
215 72
82 153
80 203
224 54
117 59
256 127
219 117
161 142
31 187
144 246
167 207
73 228
89 81
144 46
165 247
150 154
139 271
119 36
73 23
216 301
107 224
116 295
108 48
252 19
51 89
57 36
19 19
244 278
48 75
279 143
23 129
268 214
258 6
144 55
194 75
140 206
243 198
134 84
41 151
211 34
258 87
152 223
96 276
65 136
264 52
240 51
155 177
291 257
39 193
284 231
112 124
226 130
210 52
172 77
38 105
291 165
224 300
206 266
268 223
239 27
240 263
253 64
123 110
181 209
265 20
76 210
134 42
242 5
252 218
233 229
151 151
176 9
228 84
41 233
65 37
112 263
283 277
275 124
279 62
41 218
77 269
290 240
37 72
246 100
214 237
189 69
296 225
202 119
226 199
274 40
231 259
251 233
183 11
27 151
119 35
151 291
144 229
273 97
129 121
31 59
259 77
284 137
246 81
83 118
270 125
196 59
196 261
295 210
19 98
144 56
55 224
94 97
83 57
233 243
142 56
160 152
59 41
47 85
243 301
247 211
203 109
167 283
76 173
204 178
282 265
97 60
92 226
67 35
102 193
47 117
196 249
130 132
167 168
256 55
183 173
285 293
104 142
219 214
131 112
266 38
154 242
217 21
40 3
256 166
284 131
88 235
93 94
277 87
48 102
194 258
33 122
56 186
111 122
251 8
297 10
16 272
16 292
37 224
60 28
245 147
67 222
7 87
182 286
201 212
118 75
239 138
242 269
29 40
135 161
235 152
258 145
120 272
291 148
142 295
163 19
202 257
124 72
3 145
103 249
64 227
234 216
173 228
71 64
64 69
48 212
143 272
206 229
267 297
257 134
245 82
46 129
74 259
225 79
69 168
281 252
224 10
72 224
55 165
269 13
130 267
71 158
273 147
81 75
214 150
148 212
154 255
180 301
220 51
77 270
112 171
201 98
53 292
239 195
24 138
294 252
158 277
268 207
147 109
9 230
234 228
88 126
211 205
179 207
247 8
137 213
107 247
133 1
173 216
221 217
65 1
151 18
13 68
223 167
28 204
257 254
224 132
270 217
149 110
74 291
190 27
145 189
120 66
75 168
72 86
72 115
277 197
291 93
169 55
121 224
278 151
268 134
34 257
211 90
178 284
37 281
148 211
147 266
293 81
182 123
270 37
81 4
297 77
272 211
42 131
245 74
204 249
205 287
121 123
290 143
176 281
244 6
264 284
108 148
272 36
128 91
281 179
112 59
2 140
53 123
192 300
76 118
149 93
150 143
135 82
71 293
56 185
215 92
177 103
111 71
286 38
101 205
202 172
298 170
239 281
17 127
257 208
141 271
216 182
257 275
191 241
65 94
105 216
258 297
115 114
213 210
63 54
223 256
36 173
209 155
97 233
178 70
73 105
34 271
105 72
29 110
3 231
188 111
280 245
16 262
180 227
265 259
114 105
146 214
265 164
130 287
213 30
286 300
147 255
269 94
301 35
33 4
51 301
166 211
215 98
291 130
210 171
254 86
192 8
104 209
82 265
66 202
2 296
70 56
150 151
36 73
191 199
277 227
67 100
234 74
18 218
13 8
289 275
202 133
16 203
40 136
134 48
5 189
108 206
69 293
249 180
90 142
160 101
74 90
68 44
54 256
289 293
88 241
190 203
68 201
270 31
63 201
27 109
236 28
146 142
3 158
135 274
33 152
14 151
47 46
290 104
15 214
81 211
11 35
57 231
209 67
197 19
297 299
117 48
102 129
211 265
152 12
41 17
172 88
234 48
246 154
124 91
197 16
110 211
47 208
269 25
60 224
2 66
146 97
201 123
300 232
127 253
242 175
104 248
288 246
192 73
239 30
3 195
208 5
268 252
199 249
4 236
193 90
172 154
207 190
26 11
130 1
70 109
287 190
134 231
276 237
74 283
218 245
118 97
99 62
293 54
110 110
200 144
86 152
206 151
244 28
227 148
153 283
70 235
161 229
180 222
59 111
222 110
202 180
209 256
117 89
23 138
160 254
104 204
213 210
70 113
279 221
30 47
185 163
145 149
143 32
100 161
176 56
31 57
226 120
194 231
139 277
252 23
90 88
227 291
204 15
48 79
147 61
134 30
22 10
108 64
169 123
38 64
231 171
125 52
224 198
28 73
209 110
21 284
158 236
261 60
293 190
101 238
111 176
150 38
34 139
194 274
228 107
89 101
26 269
154 54
184 235
157 74
26 141
24 293
72 264
200 271
172 242
223 178
184 81
10 22
180 278
1 129
288 224
253 219
59 106
83 59
270 1
45 204
56 162
37 294
99 55
100 27
90 27
65 262
236 291
191 121
154 242
228 51
109 30
261 20
204 203
1 90
155 35
271 37
131 171
160 290
219 171
56 36
70 284
223 245
253 141
21 185
221 98
248 251
1 291
91 227
244 206
58 264
134 234
43 141
130 111
241 204
37 225
127 198
78 298
11 30
282 114
242 37
261 71
10 116
259 28
278 42
104 212
75 209
206 222
135 7
215 23
134 22
114 194
87 261
255 77
162 301
260 208
148 154
228 260
59 92
43 116
57 119
219 192
166 277
240 20
206 31
228 182
59 145
226 150
289 167
78 165
155 112
121 272
218 176
205 197
76 134
217 191
79 294
228 125
91 266
193 209
189 116
192 123
96 161
195 66
68 271
73 148
203 112
10 30
87 178
136 2
177 237
160 281
16 134
179 196
118 186
78 33
118 44
170 103
187 38
172 123
45 231
19 141
47 234
230 74
251 151
172 98
289 176
220 236
175 181
212 132
22 144
267 90
78 87
40 250
268 144
119 87
201 190
85 155
131 158
269 33
155 269
79 217
176 228
254 159
77 178
163 220
11 233
78 98
251 165
64 147
96 124
20 135
103 209
263 204
162 276
60 45
88 203
60 232
264 233
176 87
83 257
38 271
266 155
261 164
153 83
277 133
274 299
176 72
236 195
277 233
13 64
292 265
160 287
178 266
120 238
31 134
143 283
40 112
157 5
119 115
155 69
36 213
293 190
294 211
5 188
72 291
298 267
93 137
103 186
213 148
53 266
106 182
118 156
111 259
37 114
208 289
120 203
91 104
116 298
300 70
71 28
270 4
256 128
231 69
287 18
21 159
43 109
96 161
219 133
106 34
127 51
47 288
178 241
239 112
102 237
90 270
150 46
43 278
295 160
17 132
28 132
102 64
209 71
119 162
132 64
19 144
113 71
80 217
282 206
257 165
213 40
241 276
244 113
51 126
130 7
152 281
176 273
9 272
279 250
244 16
272 99
299 23
261 35
281 14
8 293
276 6
163 197
92 63
111 261
213 174
64 229
236 117
94 65
110 115
280 278
42 155
158 22
157 271
35 258
168 297
227 43
289 136
199 153
256 146
166 55
88 236
51 144
212 21
33 106
53 214
176 270
96 110
8 133
204 54
238 94
26 200
225 217
31 268
279 153
255 131
144 105
124 13
171 238
35 16
190 240
160 229
73 220
209 194
171 290
215 157
81 219
63 115
35 151
226 86
125 215
29 164
166 266
239 269
284 254
275 86
243 245
135 260
192 254
5 15
237 174
49 92
165 66
3 45
157 99
176 70
76 88
120 217
18 67
171 277
180 157
191 33
4 58
160 232
126 246
254 75
261 177
197 95
284 65
53 299
16 9
41 285
257 12
230 278
160 271
182 207
92 265
46 224
297 219
94 182
196 20
2 111
174 3
296 283
126 280
184 180
159 160
205 191
192 60
211 196
195 216
188 218
143 42
72 9
16 100
79 197
49 292
211 108
72 54
247 79
8 46
135 185
128 193
109 230
274 197
285 48
163 138
220 239
185 164
165 203
102 37
159 190
86 9
247 76
233 105
148 297
217 86
91 125
208 300
294 145
69 100
261 19
253 297
139 207
84 176
85 279
295 73
109 185
246 21
215 33
85 24
26 220
97 174
211 196
155 188
183 61
99 261
17 59
134 16
231 191
98 288
199 250
88 51
216 137
87 197
121 207
195 177
146 23
119 89
32 54
299 250
211 27
48 146
265 82
182 150
259 86
123 89
129 287
171 92
4 181
172 113
253 217
99 164
15 167
7 222
22 82
201 114
98 19
124 74
70 98
162 103
263 179
88 261
232 236
138 38
146 272
3 61
5 49
63 239
148 63
123 55
280 165
291 175
79 112
62 96
7 292
24 276
55 268
98 108
141 78
271 12
141 185
77 20
180 218
68 27
270 186
49 124
81 243
127 140
39 38
169 251
122 2
90 31
1 89
265 279
213 61
68 207
45 68
74 91
176 298
62 263
133 132
60 186
211 75
243 197
143 122
276 134
67 156
273 233
236 133
167 126
118 255
300 195
241 90
62 280
106 265
218 28
24 23
278 200
281 169
142 221
78 80
129 161
22 102
12 275
115 225
67 82
72 220
104 122
81 135
280 38
24 259
169 159
86 164
16 242
92 68
159 65
263 97
120 119
82 28
41 34
267 100
183 77
199 181
218 30
103 176
230 224
40 263
247 46
110 271
202 232
212 113
296 248
207 218
208 199
90 187
157 110
289 213
233 76
128 262
116 229
1 73
183 25
284 274
5 257
246 150
224 1
43 152
171 266
212 145
80 133
48 31
284 44
223 287
276 268
261 277
202 282
266 225
199 18
300 144
87 290
234 245
194 277
89 222
41 128
213 239
108 179
168 24
209 44
105 87
62 220
180 288
152 258
51 18
61 88
18 212
101 20
42 198
15 63
261 27
243 123
59 288
170 166
260 58
170 111
212 118
175 35
185 23
83 170
279 72
114 275
68 37
193 162
226 5
264 269
192 151
16 63
288 16
132 297
169 301
166 146
110 116
3 124
183 45
278 226
51 69
164 21
283 159
297 57
208 198
243 197
238 7
139 217
137 284
56 244
197 35
65 13
278 288
291 255
28 172
240 112
144 210
185 86
126 3
82 134
169 145
288 54
155 185
270 239
14 245
202 263
98 284
30 186
129 114
36 154
102 44
165 260
203 88
223 72
250 195
139 155
238 176
266 127
175 237
246 89
35 170
55 149
240 206
168 19
26 101
133 268
60 58
287 9
210 120
55 168
181 213
268 103
83 158
245 66
275 79
112 48
281 30
181 246
21 181
269 179
242 172
236 77
151 24
123 117
138 288
232 38
296 213
87 9
52 255
109 142
230 258
197 296
248 37
224 276
33 84
281 14
85 276
137 75
85 56
23 250
174 245
193 167
210 166
90 140
212 207
35 191
185 206
81 191
119 22
65 207
158 296
127 155
185 192
162 130
4 84
171 53
133 293
213 256
247 130
286 174
289 193
252 238
14 173
130 113
96 202
225 147
286 231
137 164
174 226
124 207
164 221
168 156
30 140
129 49
259 83
155 196
41 195
93 122
162 292
157 129
272 51
226 174
136 25
120 239
160 132
297 297
176 234
274 274
50 156
240 117
119 220
246 29
41 133
295 191
184 295
295 50
107 21
255 22
282 43
33 69
111 81
204 152
209 298
244 4
42 292
17 232
87 158
296 190
101 24
290 152
49 240
280 146
169 229
94 170
217 1
98 186
274 132
104 72
108 145
60 266
227 124
265 227
277 233
7 189
50 184
153 86
147 206
254 269
81 204
45 217
123 203
118 26
142 128
66 47
280 204
171 285
185 196
5 166
10 110
159 114
192 215
6 92
201 223
227 11
240 139
260 164
128 58
105 108
113 26
49 21
57 192
245 79
122 96
57 80
181 229
22 90
44 123
63 29
99 248
250 85
146 31
54 106
108 228
