127 8128
nsaiotcudrjcykzlxrisekxekvwxbwaezfjiitsvupiqh
mvgpdfrprdwjyprvtynocvuzhmiyme
ltwlmhnsvxfpcqdaubfyoxslwpsunkm
tnntduthemoeijfqnibhhbzekikqymln
ycqteacvserxzwswxrwugythkthfaophljzxnnlqpxbkidef
kxoageaywzapbiiaupysdgxivgnuufkdszuvsypocdcnhj
qdjkigqeyahxisoaehyjpoiwhlsaxyqiqzwxoi
zwpykumphyknnoizdexeropuweyvlictvztiuderuxo
gsuqdcledqkhpmfiewpggqdcbhjbkzjmgendnuro
jvdakvptiqwkdvgfypmsxqylqxivegb
thvooteglkrurnwwlnhoaejtabgvekdagwulmky
zejdibxtfdkqrfrnsgnkzlbxmzyohfcoldepomgnf
btcjdpcncynkhcbvqwvplqqwiszptoinbomtb
mhlkpifoqpvvvfvscdhfxsryvaucehuug
pknentjtujqyammkxbemrsqofrypimbekbvkbtdyfeega
qczlauvauewvgndhaknpsrrfslbsb
iqswgmaozooktdsgvmzyalctbstuaymffz
lsepkiycnjyzrwrbrooxmumojfeul
ddqscrsyxxdyyuletvykjgptuhofecxcgigpyarevsipq
uluaafhpgxgwfmzkeutpbaxmvetthla
copxypemsopptxegipkwwtkktejkoumij
qmosmzpzhepagmqrsktdoidwybkhevtrdafrxjlysvra
pzidqhvjzlotmbjcplxigbblvaxfzwvaxyffdxhojwcepe
ujehhqdqdubikkygnujldirxvcxaotjos
dcljonvoqkygemdywmujhipsjsyrbzd
ifkwqagfwpyxrqhearhddbpgzscdfxuhpyblwiqu
bniwizhjmrtfugptgnfciqwkkjnnhmtgkexsneclh
zpvtovtmtniswobzgnofjifbcpatqyqfbvogcfbrtxuz
nsddrtkwrzappzhcxbiqjfgryruvm
ccdbbkugeskkzoaexasiktsspunov
nwemtecxkamuvviwohzyfsfmkqjadqlnhijhcw
pprjkdarzusmsbozlvppbcfovxlmnklphpmhpbamkne
xwxeoljstpbkcmxozpqyqkxsbsvoxudhsnzodtql
qmjcarppiaihimkmaiabderhmujuzcbwuidddxkfwbfuza
azzpdqexefobdbjmpvzyswtppiungijpawwhkd
rnttqexiyamvpwiwsjxoxsthutiuhpriintlpvuqgr
xnrlyvwnlumwhosrjkksmkpnfdxixxsbxjbpaxrnqz
sesipwsybrtdgrexgybnuceqlpdhoozcf
dvtuevgyoqkqvqebrqctkbrcpirhofmsaws
cwdtcevtbaltllwqstwebmfddyzsbtrpsxxaqiwsizzlkhru
kduabyodrlxogxantwzgszlgdzimuxie
xseucfqwkdjwexfqqapixbbtnlavqnfxs
abvwhuzadopeounvtperxbkcffrmkdwqvhaoiffllunst
kzsqtvwcxemopwhaabzpjdezrmnfmfczcdi
aiosjwivqjspiidrfqikizsebzqvuwqsyjqgfjccikzq
pnzbdkhifxidlexitmxwlcqfpjwnsrxvx
ubutmemwgwmugslvtcgjftfvlcmxqiijswavpxesmboeidf
xjfkrnczwfjzezucdselossdqdfzw
jgeopwrxqzvukjxrxgdkxcjglrxweyguhvdv
kiizxzkosblboxjuwnkfcrbmuzyniwz
jpujfpcjiwhgsueiiovkxmkhrcuiftbgeiaqay
tykzrsqxdemjolzxsfmstqykmdocjr
drntvfcxvhlgwmiugpovmwvtwtsdasgzwogjcoyppnbozdx
azonfuzzmoiohihnvixtkhyklqcdjecjq
zenlpshtmhzmfxpvftdukmvzaagecahfhzbbvhzobgsybtez
rwzanaqqlebdnfioygrnktomnrytvmbtponavwiww
dxxumxbmoakuufecwqrqiejwtwhlaqljpqndejcvkroyuprh
nqbkcmvexvnwvdufczqajckjtpxxlay
defkxzcivxmycckzujrepxkejlmlfrgblwieknvmjigmaxfk
vmesrqrazrlbvqvgoxuzegoyxhjpdypmqnwy
jmekcljxubfsjygxurfioxzvqguvz
bzztsdburmfwhwlzhegazmcldnqijhgglbtz
mubrorsdinuauuopjyhmmrqprbmsqnksbsyhdgooswsorvlg
hjfhvzvxmzgvxqergswkdeqnlivxyarzrrgiymguonf
ezrhhfnsmemzibojyrxwyzbhkvhitrohhldvz
mxidwxjvptdzrylvanhhianpulltnxb
bagpuehlsocfwuongmjsocpztqppwhyycsyqczj
yerwlwjmygwjpjwzdkguzvycqdkyyllvlwxuczjagb
vuslvwarpjjxifydwotfizppwupbppwgeacm
zozozqxgidayxnuuswcxhxlkwtvtxpgaag
mqoocomnctdxscvynhitjahvtelhjpav
ytjxmcfnjoqflkhbxpngpeykhpvzeialejk
whwyznamlyxepkiilwielndstmjyrxjrtrtmugtwx
jujrnwsxiwovaomxrjrzuatlolkpyxvqeabuyqghnexvjth
wlhjycgekmooykwlvhtnassypkrbvmqb
sqjacijssnomqcvjecfjvwuyoerzw
hbtjkiuchvbzzacbdajddrigslfphgybxvumcspokgjn
rnelxemsdgwxluldvgvrpqdmrucnls
vexrlpwmrcnznlakzzmunbgzovbyaucguivideuofgohhzu
zxodwtkyknwkazzfblkjjdeuxyoszowhpabmwwvrqh
leddokxnohvowterxvpddkbctvrdhwwasywncyuwa
biosppzqcwiymrggvoziloafhzbvs
qqzptuhcjvmdvxphxwwxuxpmzkjfueqmnclx
hcfgprzqntdjrbmitwmrqkdrngzpeusxlkvmpoeszwdqx
rwfnlguwjooyeolomqvyfzqnronsizrwzgufklopplen
jcviyyfuckcilkjomfbnqpzflcwsnyukkifr
zpxcvhpnqggadbenodouzucrwrhndxvbnffjbgvtqh
tjgzdnxydogtcszahcwksticbnoacx
hemcepnavcyxbjmlhjjkblygcinen
uuawqyxvjimjxultntnnqyvfdrcgharjqupasnnng
ktphyqujiyptezxkrrwaksasczszuamb
utzzxyqdizvfralguxduhldlctmbaxsvjg
jqqsdjrzavzmdromdsaaccflflyuonxllqgbwknwvjplkc
oswrldmgfqfwjizizuifutmenjhjgbvhzfcentkhkcytpev
dmpjhtngkrtkeohvuentgodzagwzmpfvdzgs
misrddwsuagjwhvzwtxjzwrkgivdaejzyksjpgiyeejvw
nakosgpmpzuiqidkvdzpymtikjijxpr
tqoiknhvnnbzjwaiuxxpwipfzgccwthfn
ctqrmggyvsoicfwbiznsiqcxgsjrhtjjhkswto
jswpuqkweehuxtdigorhkjxloljqfafrdfceyxledeqrqzba
uqjldgqhdlavsrfanrhchsmkmkcszurdwdymmuvf
zlsxngtarqmsllzxvwshbnpvcxbxejdlztgnuajsl
wtltphsuvvircqjsxkfsyhnhwrsxxljvxtirhxaedunaghsa
rjkkfwmihudrzwtvachdlpfaldxklomvnwqxfisqa
cnpavlalbroikgbcjqmjoriafjlmckvpsmty
wgrhvkvpzbwnrogclkqhxcyfjvfmqbm
cmtrlsjlpmtrgqjqxrqbogznlgnyunzumqt
sreklanbchfocfpwfclhrlfzozklglogrrxqt
ssdztdjcabgvyctpfbicodtdfthcxa
cguqyngzbdeiqgylnlydsogdleolanxhqxeivaltalfcth
oqqlqqqkmizexyqciybauhgpxevixqvifakrhjgncwz
qmlrmvmprabpyeanhggygmbfbakalymcirquwlkdhpodmkm
exwtwdoedwkqjovztvdoalzdjdomvimoyzfqpdmzesgii
qzeqphdjcyvbzqrqjalcqppjkuwqdnqhyyujwcdq
gspilxcffeckqsnqjllsbtompnndjfjpf
tbkbvfqqczmycrlhkqrclhkzyzbdxrevrdlkgiezlqbk
wbnvkdorhenyqtcycucpxvrvdubcvwenibfnmqn
uhjvhukpxnmvcbiogpblbnbrwghxa
ijgfiegbukaetdcperwucjcticwglozgjpn
esjbcvgbrpqmovdidxtmtoehwriuykveqnjka
rtdocnfddsazlvuoliuugybatcwhxfansvywxgqpdnxyqkh
qfjgphrqfqjbuxryzuaurjwrmuarpvlpkzs
vnwfdsnkyseylnusqfdcsxsvjpukzuvlmnzent
xtidznioptcstcafwmdlanlokrtcyxrkvdwzbajoscykfb
gtpktkiehocyqxqizbfdbkbtzdcmzeowqdhmmcmibvseuels
rvuwzvhhtblvfcvruhcttaxzjtbbkebnjdngi
gqmgwsqkhogatjymeuovifkaarxyigsbebqgdome
20 115
40 98
24 105
87 100
102 113
4 12
33 119
6 21
28 115
100 122
52 93
60 118
35 103
98 115
1 29
103 115
74 83
86 127
35 42
21 63
10 71
32 96
74 97
4 27
60 91
8 49
111 120
11 20
101 120
38 70
35 47
92 112
82 116
13 34
11 114
28 110
33 118
37 60
4 51
20 110
7 91
27 68
69 92
18 90
9 74
62 70
36 93
26 59
33 124
26 63
45 109
88 110
83 127
52 89
22 65
22 84
3 17
28 92
68 85
73 115
13 123
50 66
23 95
41 107
95 125
36 67
38 39
3 101
29 103
84 97
102 121
45 99
38 59
51 78
74 80
87 96
3 21
42 77
8 90
12 26
46 82
26 69
6 94
9 95
46 109
29 77
8 19
2 102
18 38
61 92
46 88
5 64
87 97
38 108
63 118
90 107
95 110
36 52
2 41
2 42
81 122
70 72
30 31
8 42
11 69
69 87
68 93
14 34
23 58
78 120
5 91
39 83
19 67
95 117
63 71
109 122
18 114
12 28
97 100
19 102
50 110
58 107
43 49
106 122
10 70
63 67
13 38
24 49
55 89
8 52
13 57
37 94
23 25
42 126
44 123
69 72
72 109
70 109
59 88
86 121
52 106
65 80
14 23
1 98
22 54
40 103
34 39
21 47
64 88
17 58
116 117
66 97
74 122
42 71
37 111
18 28
20 23
86 106
1 51
36 55
38 127
8 40
33 37
4 120
56 77
110 111
13 100
36 68
46 75
14 20
55 92
3 18
21 42
56 117
85 122
19 121
22 55
29 47
92 122
6 85
105 110
41 48
35 118
52 96
90 96
24 91
13 13
39 87
47 110
7 69
17 66
22 56
39 72
54 87
25 48
84 115
33 102
50 99
74 101
70 101
37 124
2 14
57 96
68 106
46 104
12 66
6 24
114 117
31 99
1 81
62 68
95 95
81 93
37 62
86 114
11 29
3 56
77 86
3 65
39 47
3 5
36 108
45 114
31 85
30 87
15 19
23 66
5 36
32 125
123 125
9 69
48 85
28 114
107 110
23 49
36 73
16 85
26 76
95 103
26 38
16 20
3 16
40 41
29 90
21 23
57 113
72 78
62 121
5 29
74 85
82 86
45 90
18 113
64 120
13 110
94 101
116 122
17 44
88 124
6 95
40 69
70 88
56 70
80 111
79 122
34 77
56 90
1 75
64 116
14 49
4 11
50 58
46 108
121 126
41 74
35 102
97 106
35 113
17 64
107 112
71 74
37 40
5 46
58 83
1 45
34 104
9 76
12 87
1 80
59 82
75 111
25 26
19 40
20 118
12 13
49 126
28 30
40 89
41 56
15 80
54 76
13 81
1 67
24 83
41 86
75 106
8 96
48 125
40 61
72 87
80 109
78 79
79 126
12 32
38 75
96 119
7 114
61 67
6 47
4 88
49 55
51 113
27 45
1 61
87 115
62 96
1 108
12 91
24 119
44 82
34 46
83 93
9 34
21 22
23 69
61 90
73 78
61 76
1 25
19 54
86 118
28 59
29 125
23 45
53 82
57 78
36 116
43 65
73 76
7 61
20 42
26 46
31 97
21 91
3 69
56 72
19 105
23 44
52 79
121 122
9 15
9 80
50 125
51 77
44 111
13 37
49 60
60 77
27 114
3 92
84 108
83 83
37 70
23 126
37 45
38 123
78 108
37 41
5 51
3 114
53 91
56 121
96 98
18 73
102 116
16 76
4 109
50 65
127 127
57 71
41 50
8 103
42 122
62 62
27 86
76 121
88 113
8 29
17 112
34 100
38 88
59 117
81 87
90 102
113 126
75 124
10 125
89 98
109 126
36 78
47 105
19 98
106 124
7 43
57 88
88 116
25 100
55 65
61 80
31 116
13 97
63 113
16 39
5 121
97 103
11 43
72 118
69 113
14 53
28 120
24 61
45 117
62 104
39 100
20 121
86 125
54 122
97 118
52 121
104 119
16 101
112 121
36 104
31 34
38 69
26 119
102 108
63 107
26 27
67 111
41 64
75 120
75 126
27 29
21 41
58 91
34 123
56 95
25 89
39 80
24 107
27 108
89 123
32 88
14 98
110 116
38 46
24 46
116 127
4 19
72 123
8 45
50 85
91 97
1 18
29 61
18 101
76 82
6 120
33 89
89 104
94 125
69 69
34 115
31 52
67 83
1 69
53 73
19 24
51 110
9 107
35 65
11 36
35 76
56 71
39 111
17 106
4 106
49 127
61 126
4 13
18 20
82 110
113 119
79 107
87 95
118 124
18 21
67 118
41 122
49 108
35 77
11 78
12 80
8 86
102 122
72 93
16 57
114 115
14 99
35 64
73 93
107 120
40 62
87 91
86 110
39 74
21 124
13 33
32 111
26 53
92 107
89 92
45 122
106 107
50 93
32 73
72 114
102 117
75 85
55 124
49 80
66 116
70 119
20 56
39 101
31 115
20 108
23 32
100 117
40 52
21 36
24 92
36 53
11 82
7 29
67 80
32 77
43 48
18 78
98 107
9 102
103 114
15 81
15 113
15 64
11 45
18 123
15 106
95 109
20 64
93 113
13 43
45 119
39 96
36 112
107 124
59 71
7 78
75 121
9 120
99 113
52 122
38 81
17 43
24 67
2 112
29 43
3 28
21 99
27 104
75 79
62 108
3 24
4 18
38 120
73 97
7 81
69 93
60 123
23 116
14 45
31 119
36 91
40 80
1 82
95 119
8 122
37 54
51 98
71 107
28 86
20 91
33 46
56 93
20 70
15 118
15 70
38 94
100 102
38 55
6 28
75 114
40 119
43 58
87 127
19 89
73 102
54 88
8 92
112 123
72 113
10 41
25 38
90 113
6 109
40 82
86 107
6 106
1 85
37 64
79 81
86 112
33 103
22 69
89 121
17 27
41 59
63 97
66 67
27 96
48 114
24 48
39 58
17 50
63 88
31 48
11 50
100 106
27 79
28 33
12 105
47 48
50 103
64 77
62 75
15 82
73 118
86 116
19 126
75 87
12 111
5 101
53 77
7 52
13 94
28 55
4 67
40 53
40 59
61 77
14 31
70 106
85 99
88 97
42 85
46 73
35 110
41 108
59 92
76 88
13 73
10 25
58 69
5 115
39 43
62 115
30 93
54 69
14 81
7 65
62 127
26 106
56 60
18 43
21 57
75 101
47 91
2 5
26 105
92 98
3 89
43 66
3 27
26 113
33 74
17 34
8 74
54 73
43 113
22 87
30 90
17 52
26 78
17 68
114 122
90 90
6 26
83 97
70 83
2 33
107 117
66 106
105 124
7 76
100 120
40 117
21 85
24 104
95 108
49 107
23 89
64 125
48 89
14 118
4 104
53 115
19 23
20 73
20 77
62 109
47 125
65 101
23 47
48 100
18 116
20 45
18 55
83 99
25 95
42 78
64 81
81 101
37 84
21 78
115 116
41 53
12 34
68 115
11 16
43 61
35 40
46 120
8 22
1 93
22 106
15 120
62 83
42 59
8 114
51 86
2 45
51 59
4 116
39 49
94 99
46 87
79 117
11 38
30 55
19 76
6 103
39 63
121 127
10 50
55 102
34 125
53 93
12 48
112 114
1 59
31 55
57 107
32 100
11 37
64 84
33 99
71 109
84 110
89 125
119 122
14 27
14 51
38 104
41 126
15 77
12 86
80 84
24 75
66 79
54 82
46 47
57 120
17 78
4 24
44 74
7 8
13 29
2 48
57 118
66 69
25 106
68 119
69 108
72 74
15 27
34 57
84 91
19 90
67 67
2 12
55 123
14 29
15 20
80 91
41 77
22 42
58 106
32 93
2 98
5 107
32 108
34 45
20 74
5 83
6 64
96 117
68 74
69 84
125 126
30 66
22 107
104 115
11 120
32 40
102 115
19 50
64 95
2 40
37 117
74 124
73 75
85 121
14 75
36 37
21 72
77 109
66 66
37 69
27 32
22 98
16 124
9 22
2 123
46 119
97 125
85 88
47 108
48 75
25 61
87 112
23 56
95 126
8 110
71 114
80 93
48 127
11 24
52 66
23 55
42 49
70 105
4 89
31 77
44 71
16 99
21 69
72 96
84 96
30 126
12 42
76 85
18 50
97 110
16 103
76 125
30 34
59 75
19 44
29 37
71 118
40 75
19 123
63 89
41 65
94 98
75 122
5 75
54 61
23 107
20 22
29 126
12 51
52 76
118 127
90 109
44 56
6 22
22 51
70 120
74 110
13 115
65 113
40 87
12 16
65 125
45 97
84 105
88 119
46 53
31 81
71 99
36 87
50 124
88 114
25 85
10 49
33 49
53 119
81 106
38 78
35 94
46 89
94 123
20 124
34 67
109 118
11 86
59 100
45 125
71 123
38 124
78 91
42 65
2 21
12 31
34 53
109 114
74 109
13 125
53 79
7 75
70 80
92 127
73 108
30 99
56 56
54 104
85 94
57 72
17 102
18 115
25 76
27 69
80 99
28 121
5 126
33 77
43 111
85 90
2 8
16 80
11 99
23 62
40 107
3 45
98 113
107 122
81 114
42 114
33 105
75 108
10 67
62 124
47 74
8 28
65 104
96 103
1 49
91 96
41 78
46 111
48 111
18 23
23 67
10 17
110 122
59 107
5 33
21 43
57 104
18 71
94 120
6 108
64 86
15 62
5 72
86 101
35 46
83 102
10 28
83 124
61 74
9 89
2 13
30 59
14 44
1 5
49 74
43 53
36 42
51 118
75 117
29 118
59 119
5 118
2 55
13 91
54 99
89 114
93 120
1 16
1 74
36 102
102 111
52 88
117 121
89 94
23 53
70 95
5 47
58 115
25 30
40 113
49 65
48 64
25 74
11 70
30 108
42 56
33 83
57 108
17 25
26 55
34 110
23 68
27 120
31 71
28 39
84 89
4 105
8 26
42 82
92 110
44 47
41 43
49 52
53 102
71 105
10 97
53 63
9 121
11 21
105 120
25 120
76 98
26 73
98 112
114 118
11 93
23 35
98 101
63 111
46 86
9 45
82 105
10 94
19 70
8 9
79 93
75 89
28 87
2 94
51 104
44 85
2 56
11 33
21 70
10 120
25 31
39 65
18 59
50 59
1 3
61 120
11 28
36 118
69 85
3 14
4 103
14 36
10 20
55 93
58 67
52 101
37 95
18 112
10 118
55 122
17 110
41 114
11 13
47 69
14 33
91 127
13 126
69 75
82 85
3 102
108 123
24 108
26 32
37 103
72 104
51 95
24 54
105 125
42 70
26 26
67 73
5 42
44 62
29 99
17 77
97 115
76 115
76 109
44 94
89 107
70 82
23 76
81 105
21 53
112 115
22 78
48 72
70 107
18 74
11 67
87 105
31 101
13 106
67 81
51 127
80 120
50 81
96 106
81 98
15 35
41 46
54 63
78 98
46 117
58 100
28 48
14 24
68 91
122 127
25 110
68 87
58 94
13 19
4 39
9 57
10 77
26 41
29 94
10 43
84 109
45 93
22 52
37 113
57 77
9 10
43 56
2 80
57 61
106 106
32 121
80 106
72 81
59 84
39 104
20 44
32 38
17 73
27 111
38 101
40 46
25 51
93 107
100 111
2 31
27 126
16 40
84 118
6 75
8 12
54 100
93 104
76 89
52 115
7 33
2 108
46 124
16 21
96 114
31 125
59 121
19 93
63 96
123 123
26 70
5 10
26 127
28 38
95 107
44 70
115 121
20 96
14 102
49 75
41 51
49 76
96 124
24 38
54 116
10 73
78 114
40 56
100 121
33 86
70 104
48 96
80 80
46 85
10 46
25 59
48 70
24 57
83 117
12 108
1 63
11 77
42 86
50 114
41 104
8 98
90 105
30 101
50 109
37 75
72 101
20 37
15 102
2 25
22 105
32 42
47 99
54 80
61 112
1 71
13 105
65 119
1 33
61 104
70 115
42 98
56 96
45 75
6 110
87 124
54 126
4 90
2 16
56 119
22 45
8 100
24 56
7 48
17 35
13 116
41 87
73 80
54 84
58 99
103 118
46 55
6 77
10 68
89 96
30 46
33 41
78 117
30 85
2 44
85 96
10 109
8 36
56 74
66 85
82 104
79 91
69 80
90 99
7 126
9 41
1 79
8 81
14 41
55 112
95 101
30 79
57 99
26 115
44 52
25 45
39 46
58 76
34 84
19 114
31 78
50 116
32 84
76 80
41 95
107 127
117 124
72 110
68 95
37 114
5 35
61 98
26 91
22 112
66 71
74 92
76 123
8 91
29 68
99 112
21 51
26 111
20 38
112 113
8 85
19 74
30 74
3 75
48 49
8 63
85 100
61 71
34 34
73 86
65 78
41 68
79 97
38 61
28 31
28 109
1 96
44 96
64 76
96 101
9 103
7 72
41 85
30 104
90 100
21 61
1 114
62 94
39 82
92 93
56 109
12 76
83 95
40 42
95 105
36 127
40 99
84 84
54 74
42 62
76 79
3 126
86 97
28 62
45 72
28 79
55 127
42 119
11 112
75 88
7 77
92 99
60 120
14 113
87 103
47 117
28 77
45 73
5 40
6 81
93 106
43 69
30 71
13 78
107 121
6 123
14 84
9 62
18 75
7 125
68 99
62 63
102 124
63 73
96 126
102 105
24 72
73 73
11 94
20 117
3 119
18 35
53 75
42 80
79 108
47 112
7 62
25 41
21 92
65 122
11 27
78 112
40 55
61 83
36 124
48 52
53 117
25 37
22 58
25 75
21 113
29 84
63 115
24 113
19 120
46 102
14 50
66 96
4 65
65 89
56 123
91 120
46 76
9 99
32 60
28 89
4 121
11 65
11 62
87 111
94 119
11 54
50 115
60 93
73 116
90 91
6 38
31 120
25 90
29 70
79 121
55 66
30 32
16 17
7 100
1 109
71 72
7 60
16 123
22 44
81 86
31 121
94 124
25 124
47 104
57 63
93 118
75 92
21 117
10 88
101 127
48 63
5 95
27 73
101 123
68 118
10 69
61 79
2 4
115 126
51 90
76 105
40 112
22 61
42 69
55 95
56 69
64 98
32 98
11 85
23 93
3 63
104 109
53 100
3 32
31 91
71 78
22 76
18 77
58 86
39 75
9 90
12 23
71 115
83 96
5 109
105 122
86 126
24 37
11 55
9 43
20 90
29 78
1 22
57 81
8 18
55 77
12 117
1 126
22 122
6 36
26 98
13 28
19 110
16 90
88 88
9 67
69 95
66 92
12 88
45 102
41 102
86 105
22 93
34 114
55 111
44 46
14 43
7 84
71 127
35 82
56 57
27 51
4 32
38 92
12 47
13 22
12 109
14 126
53 88
26 30
69 91
58 125
75 82
91 104
97 124
35 92
36 59
51 97
1 37
26 84
30 45
57 127
1 62
12 25
89 115
48 86
92 97
31 61
96 111
78 93
36 100
74 96
28 106
42 60
12 59
91 108
11 110
47 100
17 115
25 87
66 101
99 102
83 110
46 99
88 92
120 127
41 98
6 86
77 78
16 31
40 44
6 48
60 94
12 24
3 120
44 49
89 106
11 59
35 37
38 87
56 114
83 108
18 33
50 62
10 12
74 86
35 125
97 97
39 52
13 107
11 126
28 117
44 124
83 84
96 127
8 109
19 21
78 119
54 110
62 66
10 102
2 52
5 45
36 105
58 61
4 5
16 119
31 57
25 39
54 109
5 60
59 64
48 117
104 127
35 60
29 107
31 37
75 93
55 72
80 119
83 114
8 43
19 96
105 121
91 115
9 98
20 57
36 58
44 66
122 124
81 102
1 12
108 112
26 79
25 46
38 113
72 120
64 64
89 91
62 107
28 88
101 112
16 54
41 44
3 111
45 84
15 25
34 75
20 107
45 106
46 59
75 96
51 64
18 118
28 96
17 94
36 109
39 108
119 126
4 30
31 65
26 35
39 126
67 101
41 116
101 106
2 27
9 75
19 48
121 123
69 76
4 113
16 75
42 92
21 46
96 121
26 52
24 70
37 48
30 36
52 85
103 119
36 86
12 124
50 72
58 87
21 125
35 122
44 108
63 80
44 65
77 126
55 109
13 98
15 49
11 47
25 57
4 44
76 97
3 8
1 73
35 85
38 91
57 73
24 86
118 125
10 79
94 111
101 104
5 93
74 126
117 125
27 85
45 104
13 59
64 104
16 106
81 97
8 64
64 80
77 124
23 91
75 75
114 116
67 119
75 90
46 67
15 15
71 83
9 52
27 110
52 59
2 54
37 85
51 68
4 55
56 113
84 103
41 127
81 119
21 106
30 107
47 83
64 73
16 28
3 7
9 55
48 88
21 44
7 46
31 59
39 70
38 114
1 94
18 105
8 35
52 52
106 115
84 104
84 112
44 53
8 56
3 47
26 58
59 59
45 52
77 103
70 74
18 19
101 126
10 127
71 108
45 65
47 62
82 120
61 72
72 125
111 116
23 36
5 32
2 104
59 81
98 114
58 66
5 52
46 114
6 126
95 113
49 83
49 73
73 90
28 81
40 104
78 116
42 42
3 77
83 115
103 108
78 127
25 53
63 123
118 121
99 126
14 106
40 76
27 102
29 95
48 87
8 51
6 124
29 49
31 70
85 107
61 114
45 55
37 122
98 99
27 124
20 36
65 111
36 90
79 116
2 26
46 79
60 98
62 79
7 67
86 109
78 101
67 94
77 99
24 78
5 26
52 118
94 122
71 84
6 84
20 84
80 101
14 14
74 75
5 120
33 60
29 60
25 66
71 81
20 62
37 61
35 111
22 116
93 109
70 71
96 112
12 63
14 67
18 125
56 67
24 90
47 114
33 52
16 68
21 25
69 117
36 41
10 58
1 101
65 112
21 111
85 116
96 99
93 119
4 46
117 120
46 110
13 113
2 36
57 98
5 65
57 101
28 101
49 115
7 59
33 54
19 100
34 81
19 25
46 50
96 96
49 119
8 62
70 112
15 66
39 127
75 119
3 70
68 112
22 66
2 37
5 17
18 84
50 97
8 38
47 67
56 75
94 113
4 122
95 118
10 18
21 96
87 94
15 21
4 95
7 83
21 115
51 117
41 52
16 38
20 127
24 112
14 56
79 101
71 93
30 112
18 96
39 88
69 73
13 76
63 119
106 116
52 127
18 102
11 76
103 106
10 93
79 90
109 112
34 40
41 54
28 111
31 76
21 34
2 34
71 86
64 93
44 115
77 90
4 123
9 29
50 94
17 120
46 74
52 92
92 100
38 64
13 63
116 125
40 70
19 43
47 124
26 47
53 120
50 80
16 27
5 87
17 48
69 94
36 98
11 118
39 73
86 122
83 92
85 92
66 70
13 61
6 33
42 74
14 112
53 62
35 105
60 103
17 33
85 124
44 122
7 92
26 82
34 42
9 112
104 104
63 84
6 80
10 115
1 107
57 119
16 35
38 106
68 125
40 86
31 126
73 120
5 74
108 120
84 87
16 102
102 125
33 63
89 89
9 70
34 91
8 104
12 41
69 114
122 123
73 100
7 123
109 125
110 112
2 124
11 125
31 106
8 113
61 102
124 124
57 123
89 117
43 46
93 101
110 126
7 115
27 101
1 47
12 38
30 123
33 76
27 49
51 70
34 97
79 105
33 47
51 108
2 105
30 77
18 45
32 127
66 68
17 79
13 96
30 50
71 91
20 75
26 44
39 64
7 35
65 66
36 44
18 27
102 123
4 92
27 107
29 81
32 113
81 110
31 73
109 124
66 90
50 126
33 57
3 29
118 123
66 95
24 88
28 113
8 32
25 86
61 115
22 94
111 115
68 126
55 88
14 93
37 99
14 68
62 86
55 55
50 92
19 112
2 35
6 6
66 74
22 43
12 115
56 85
20 102
70 123
34 60
60 62
53 89
13 20
2 18
52 80
66 121
36 97
56 118
19 63
50 54
82 107
18 47
27 71
38 57
55 63
49 93
5 63
109 123
4 31
44 104
34 64
44 125
14 30
90 114
71 126
1 72
24 63
22 110
32 120
4 53
77 122
26 74
88 111
64 101
4 29
41 89
100 100
104 111
16 112
18 88
15 39
12 97
2 84
34 55
63 124
38 40
7 111
23 101
46 93
73 110
15 99
79 124
14 64
30 51
15 42
19 35
35 104
9 68
3 95
20 98
65 75
92 113
106 108
21 79
57 90
40 109
5 39
100 101
57 80
28 70
70 94
90 116
37 55
52 98
52 125
14 82
4 119
39 50
35 36
91 121
26 101
33 84
96 102
40 81
8 39
5 97
20 97
30 35
26 92
9 109
39 41
25 83
55 101
78 118
83 125
24 74
5 21
5 66
49 113
77 85
14 28
38 95
32 67
21 80
38 118
63 101
106 126
56 104
8 55
63 74
26 68
14 59
60 105
61 84
11 57
8 37
25 84
102 110
19 111
113 116
43 72
10 27
89 102
82 126
12 99
45 89
34 37
19 22
50 78
1 14
58 110
39 110
74 74
29 41
38 112
43 43
7 112
106 123
21 60
67 105
85 93
13 53
10 30
37 93
36 99
93 100
20 27
28 91
7 36
106 110
64 102
18 119
14 70
35 86
65 110
89 97
47 96
60 111
32 70
96 116
1 30
20 105
52 113
71 75
8 69
67 77
71 122
16 56
41 82
7 87
18 53
15 92
5 18
77 93
3 84
28 58
32 87
5 37
12 127
14 103
27 122
45 121
9 47
9 93
28 95
12 50
30 91
22 121
14 116
38 51
40 49
18 30
23 24
89 127
66 73
4 61
60 90
78 122
17 60
23 64
52 68
78 86
35 84
28 72
7 95
17 45
79 114
15 24
34 102
107 107
105 108
32 48
4 69
49 61
3 110
36 66
65 126
59 126
120 122
22 60
6 122
57 124
2 126
22 73
95 104
18 61
37 46
99 115
86 102
18 106
43 57
19 38
45 71
40 100
5 119
98 108
28 53
27 36
11 18
17 23
1 27
34 111
69 82
28 32
16 29
1 31
11 116
58 68
84 125
6 88
5 127
110 120
113 123
29 121
13 75
6 15
15 75
16 53
24 47
105 116
77 120
97 123
16 55
43 118
6 12
33 109
104 106
66 91
11 48
3 53
10 34
66 76
84 121
23 63
3 60
2 81
38 86
87 101
7 32
15 90
48 48
105 126
2 69
40 64
53 111
17 121
42 83
88 106
30 62
23 30
31 53
11 91
53 67
36 46
66 108
10 110
37 44
42 117
52 108
47 115
48 83
6 13
113 118
37 116
31 112
88 120
24 125
10 111
33 114
51 122
21 108
7 56
71 77
25 68
59 70
74 120
62 64
57 67
83 90
35 127
105 113
27 103
4 97
94 118
8 14
92 117
20 50
21 109
7 58
21 28
48 105
18 117
71 111
76 81
35 106
22 89
87 113
28 42
36 96
63 72
21 82
20 58
69 121
9 27
83 104
19 72
40 85
94 103
25 91
28 47
57 126
10 35
52 75
37 38
85 95
80 103
22 22
17 72
69 78
67 76
106 111
49 112
82 92
16 126
90 118
47 59
27 115
39 94
40 68
30 68
31 32
1 54
3 88
94 109
38 100
6 112
64 127
3 125
26 40
81 104
7 122
89 90
6 35
54 105
79 92
29 46
114 114
9 26
32 56
8 27
16 78
12 30
85 105
60 74
16 63
15 55
36 60
103 103
22 57
124 127
44 45
76 113
13 83
12 98
54 90
4 96
43 116
20 106
8 83
92 104
54 115
4 127
98 126
13 14
11 41
6 63
38 102
68 103
50 95
8 44
41 97
11 66
81 100
22 27
35 90
73 127
39 76
23 97
5 122
121 125
94 107
8 115
73 104
53 105
44 118
84 95
25 67
25 27
47 54
5 99
24 115
34 109
34 82
11 25
71 104
42 111
2 71
38 110
80 127
45 123
85 87
5 59
14 115
60 126
116 124
21 90
15 85
26 61
83 109
86 95
7 107
76 90
81 81
107 113
79 85
121 121
15 89
13 64
16 48
97 127
60 122
67 100
68 116
32 37
4 86
119 124
3 80
26 48
14 72
11 60
9 28
22 125
81 99
86 98
23 80
18 42
17 122
80 113
32 68
4 25
116 119
14 104
8 106
60 61
28 84
65 90
33 55
30 61
69 111
2 76
7 49
27 28
73 91
96 97
82 124
19 46
32 90
61 125
21 84
11 98
55 81
2 87
8 107
2 10
53 80
30 78
77 125
15 83
1 122
57 85
12 21
56 83
69 126
18 26
36 101
25 94
118 119
4 66
103 121
7 102
22 40
2 74
22 74
17 103
75 78
17 61
16 118
42 84
71 71
38 77
62 100
20 76
16 107
10 101
1 102
7 109
57 95
49 53
13 32
94 115
14 54
90 104
1 39
46 115
39 115
113 114
53 70
4 125
61 85
80 88
71 95
73 88
31 88
29 104
72 102
15 63
25 64
37 63
94 100
5 34
77 110
5 82
26 50
45 45
99 107
108 109
100 126
45 77
60 73
6 40
73 105
81 92
15 53
30 39
18 121
25 105
11 17
19 31
60 116
12 52
21 24
67 79
37 101
52 116
40 108
110 117
56 81
55 125
25 107
48 92
98 119
112 122
13 85
20 48
6 99
60 82
3 44
32 58
63 94
55 120
45 80
51 116
34 59
4 102
16 108
13 117
18 48
33 112
44 57
49 67
17 37
37 58
31 114
25 80
16 65
12 96
52 63
24 73
5 77
54 97
80 124
28 65
31 38
70 124
26 100
79 94
33 56
65 117
21 45
90 121
80 105
52 81
68 100
84 100
48 109
104 116
33 122
6 71
25 104
68 127
11 52
27 81
89 124
80 81
17 26
38 83
8 30
97 122
70 98
14 77
25 44
24 76
9 20
88 123
37 78
5 73
16 51
50 67
9 13
15 105
1 123
19 58
42 104
20 20
1 19
45 46
64 121
57 64
60 125
42 101
80 82
39 39
30 67
28 116
46 126
87 93
18 63
51 60
52 124
119 121
74 102
13 60
70 121
4 76
113 113
68 83
68 71
39 55
69 109
69 102
39 109
7 27
40 126
36 94
53 112
85 85
61 105
58 81
60 86
26 118
113 120
64 75
84 99
16 117
26 60
40 84
34 58
66 103
3 59
13 56
25 60
38 122
59 123
3 40
13 69
8 82
51 126
20 81
16 111
40 110
22 120
35 88
3 50
12 36
42 96
117 123
17 62
27 66
43 86
35 114
49 64
39 62
35 70
5 106
78 88
79 113
45 96
72 97
47 77
10 21
10 16
21 127
90 97
17 108
81 111
55 60
61 61
73 82
94 108
112 118
26 72
8 80
43 95
9 88
3 113
37 96
34 68
16 52
3 72
87 106
7 89
84 86
86 123
58 82
30 52
102 119
7 37
79 119
19 86
6 127
103 112
80 86
113 124
110 124
48 71
91 92
1 88
29 87
56 124
48 91
50 96
52 73
69 105
48 66
12 120
72 88
90 127
10 100
31 74
72 85
56 127
6 113
48 120
22 118
10 119
85 113
34 120
86 87
46 51
4 64
74 113
76 117
33 101
3 12
63 102
67 85
59 125
6 44
69 79
13 112
4 50
30 111
24 85
43 60
4 58
46 123
30 109
24 43
58 74
4 110
16 120
47 53
35 35
92 94
104 120
32 123
40 105
87 88
12 18
2 68
51 125
92 115
118 122
93 115
44 120
47 89
33 50
18 65
62 112
10 81
10 51
66 77
17 118
49 123
50 86
68 109
47 123
6 60
9 63
3 46
32 79
11 83
21 119
66 118
32 59
69 71
5 14
64 71
55 103
48 116
35 43
118 118
52 55
116 126
24 126
108 117
15 125
6 45
99 110
50 61
67 107
31 104
43 81
36 70
8 41
25 77
60 97
18 44
93 126
35 52
41 63
102 114
79 95
34 38
2 28
86 96
31 72
18 97
72 72
57 93
68 110
6 65
59 101
43 104
75 77
26 107
31 108
68 70
9 94
78 105
6 23
15 68
71 76
25 34
91 125
27 48
18 126
6 67
69 122
58 63
40 90
13 90
19 97
90 98
12 44
15 31
83 122
62 123
49 62
20 71
27 98
1 17
65 107
32 64
16 93
82 88
47 80
64 85
65 74
10 124
73 89
58 114
80 126
15 84
67 120
36 82
56 99
76 77
46 60
47 118
76 94
6 16
16 113
13 102
48 65
81 115
2 15
77 119
38 48
34 119
107 123
25 63
31 109
12 14
15 51
80 108
98 100
44 101
18 127
19 124
38 52
32 116
48 93
93 125
27 91
38 121
57 103
2 96
42 91
111 122
91 93
38 116
26 93
5 81
99 106
34 69
44 86
14 85
44 78
81 117
38 107
39 53
47 87
67 86
32 85
71 113
56 82
9 25
22 101
25 125
6 87
14 16
86 89
12 121
10 108
14 91
68 81
63 64
5 110
29 59
20 87
22 68
19 117
93 93
6 20
12 77
9 61
68 98
46 69
18 62
26 39
39 112
18 111
5 62
24 77
8 8
19 82
17 87
27 64
62 103
48 126
64 99
32 80
22 123
78 125
39 102
12 37
51 99
9 100
103 123
5 116
99 121
1 40
26 83
28 46
49 50
72 79
59 76
23 84
34 113
15 124
103 110
30 37
14 122
14 74
20 78
14 57
39 91
19 116
48 90
44 89
79 103
2 92
79 87
45 83
88 89
22 63
39 81
64 92
88 122
13 82
51 58
7 64
74 99
21 62
50 77
23 81
1 55
41 113
59 79
8 11
5 103
119 125
45 86
3 10
7 41
78 97
65 93
36 36
3 86
43 105
25 50
7 118
45 115
98 124
7 121
17 125
43 78
19 122
59 96
71 121
66 126
53 59
72 86
2 119
23 79
12 112
58 124
39 93
3 71
31 56
65 116
1 97
34 50
19 30
100 112
15 33
2 72
115 127
8 125
116 123
5 84
27 31
93 103
40 114
12 40
4 33
60 119
82 90
54 108
66 83
21 114
36 106
24 95
19 26
49 111
84 111
22 31
27 123
15 44
33 80
10 23
29 74
7 85
66 75
5 11
55 121
37 106
2 60
23 39
9 21
50 102
45 79
3 31
12 71
9 50
30 33
42 57
30 64
46 96
44 87
38 41
31 110
54 113
29 31
53 114
47 111
41 111
10 36
45 118
89 93
53 54
17 109
27 109
91 114
9 12
19 57
16 30
39 95
42 95
54 119
83 86
7 21
73 95
60 66
34 117
61 116
34 90
46 100
74 105
56 112
47 68
61 73
37 102
4 47
15 69
37 67
55 59
54 79
33 110
29 51
109 127
41 61
76 122
23 98
32 54
101 119
29 65
40 115
79 88
63 112
52 61
17 18
35 120
49 121
66 105
21 66
27 41
58 122
14 61
1 36
67 78
79 120
79 86
100 105
8 15
87 119
37 97
4 9
44 99
19 77
18 41
1 66
24 114
45 53
60 117
11 117
109 115
30 116
16 92
22 108
17 97
89 119
52 114
32 117
8 20
63 63
99 122
87 125
13 121
12 20
97 99
77 112
40 65
19 127
61 64
36 69
3 122
20 34
12 22
30 58
105 105
37 123
29 97
5 7
46 103
73 87
15 52
93 110
64 114
66 72
70 92
26 95
28 63
25 71
7 105
11 102
26 51
91 112
82 113
89 118
64 91
6 115
17 22
32 66
31 84
101 113
70 97
21 21
84 101
29 72
47 73
65 124
5 104
6 58
112 119
60 63
51 124
49 90
73 74
52 62
57 74
54 81
3 123
85 102
92 105
60 88
53 68
93 111
49 89
23 119
37 112
34 93
26 43
13 52
28 127
65 69
11 74
10 121
49 77
81 89
68 75
39 120
94 97
31 58
48 99
33 95
115 118
99 99
16 36
74 106
2 116
12 125
5 50
35 61
76 116
20 61
32 49
5 13
95 99
25 78
72 111
102 102
35 112
41 75
19 29
48 57
23 60
110 115
31 96
6 90
38 117
55 113
3 118
98 125
38 109
51 84
38 125
25 35
13 114
66 84
14 17
11 100
36 103
61 118
93 98
19 109
98 121
10 10
9 14
52 126
63 110
1 103
35 109
30 114
4 21
106 112
36 76
26 89
9 17
95 121
70 78
55 116
27 70
11 96
27 118
5 58
36 121
23 40
37 53
40 73
18 60
50 51
17 57
106 121
29 109
5 102
82 125
20 125
20 85
77 123
30 96
53 55
69 101
57 62
50 108
13 25
43 109
95 123
13 58
65 72
71 90
42 64
13 80
56 65
20 89
73 99
84 114
43 51
37 74
4 62
22 114
43 85
62 90
6 50
28 104
76 126
2 90
63 126
36 89
41 71
38 60
65 105
19 28
35 53
31 105
14 42
21 33
45 100
26 80
9 30
9 31
10 56
77 118
53 92
72 122
18 57
26 86
36 40
21 88
49 71
14 76
23 54
82 95
54 117
30 42
15 100
1 9
46 49
8 21
2 120
84 107
7 16
64 108
49 81
35 126
83 116
37 100
4 48
97 119
42 87
85 125
58 113
22 36
11 35
8 65
1 32
82 108
46 97
35 74
64 122
89 95
11 73
19 59
40 118
33 38
80 90
76 76
50 106
13 26
44 55
92 118
60 87
24 44
69 124
93 96
42 89
45 64
51 81
15 57
43 93
14 21
44 119
76 92
62 85
51 62
100 113
38 93
50 76
82 117
29 53
40 96
47 51
13 108
6 91
9 79
52 120
23 103
17 20
30 40
11 64
94 104
64 110
21 110
6 29
21 29
31 68
31 79
38 73
45 58
76 106
76 91
2 91
7 120
6 57
55 83
13 51
27 42
36 62
1 60
16 43
78 80
69 98
21 97
74 88
40 72
38 105
71 89
55 73
84 123
54 60
32 106
27 95
62 73
35 69
8 87
109 121
93 102
105 112
53 121
11 46
25 96
1 20
10 22
13 24
42 123
20 24
51 73
46 107
70 75
54 107
54 124
53 98
1 118
78 123
27 84
25 47
43 125
17 113
45 107
59 97
19 73
19 20
29 98
9 40
8 99
63 69
5 78
2 67
64 105
52 99
4 81
65 81
24 81
31 33
21 93
89 100
72 115
16 87
42 44
26 71
72 116
77 82
75 99
28 36
32 122
50 117
2 110
38 42
55 100
83 107
24 69
33 33
24 25
6 78
18 100
63 83
78 90
93 124
42 125
86 94
10 92
111 126
77 121
16 47
6 52
67 126
57 112
14 65
41 96
22 34
28 80
88 115
67 122
9 32
81 96
10 91
60 100
49 72
53 76
65 123
36 74
88 112
71 120
28 98
33 79
20 63
19 34
73 103
4 73
10 40
20 21
100 104
45 66
49 86
46 121
90 101
111 113
25 126
42 75
29 96
9 114
24 24
85 103
2 78
52 102
38 43
13 88
3 105
26 77
15 61
27 113
51 92
114 121
32 114
80 115
6 101
17 31
76 93
62 102
46 84
72 95
51 109
57 83
7 96
16 104
34 65
18 108
12 58
10 64
8 127
57 94
17 49
54 91
42 52
21 49
27 62
89 103
9 58
1 104
41 123
4 40
28 60
31 51
82 114
41 91
34 51
54 118
24 101
23 121
83 106
42 61
91 118
89 105
38 58
77 113
70 76
39 77
14 71
56 78
80 122
99 108
67 68
33 88
41 121
24 33
67 102
67 123
30 124
28 125
29 76
17 63
6 42
7 99
85 123
59 74
6 51
3 42
8 71
81 109
100 127
17 24
73 106
56 126
67 95
105 117
20 103
7 79
24 42
6 74
35 45
49 110
42 124
40 116
68 80
36 71
40 57
19 51
99 118
23 127
70 117
105 109
14 15
63 108
71 116
18 98
29 110
55 114
55 94
25 116
79 104
27 60
46 118
73 81
14 18
37 119
29 30
35 58
125 125
88 101
39 69
15 114
14 62
18 99
51 120
54 106
5 22
11 97
14 55
6 46
19 27
9 116
104 125
63 105
49 87
92 114
105 118
55 86
1 26
82 84
50 63
5 90
49 79
66 120
49 120
68 97
10 99
104 110
33 34
37 89
33 43
42 121
75 127
16 41
13 54
62 120
13 127
69 74
110 123
34 52
43 74
5 30
68 102
51 106
35 87
17 59
16 22
7 10
14 69
45 110
62 74
48 113
54 121
63 103
47 49
76 96
95 127
46 70
102 127
21 83
24 62
84 106
28 90
63 87
20 83
52 107
81 127
22 47
2 121
32 63
17 82
7 19
18 103
67 121
92 103
18 76
45 111
44 60
77 79
2 83
44 109
22 25
32 118
19 37
34 127
61 108
42 79
41 70
9 123
66 89
14 38
38 85
31 95
73 123
23 59
64 96
48 94
10 89
2 64
72 90
55 85
103 124
87 89
98 117
118 120
96 108
90 106
40 60
51 119
2 95
65 76
43 112
32 107
70 110
27 99
19 69
125 127
17 65
42 93
6 92
13 89
39 116
54 92
38 68
26 110
9 118
52 117
71 103
24 102
59 116
23 110
37 104
56 110
19 113
27 78
58 62
12 101
19 32
68 107
33 97
88 93
79 115
7 25
40 124
30 63
19 49
55 57
54 56
26 28
24 106
68 101
59 94
12 107
1 10
18 83
57 109
49 105
96 122
61 110
20 30
14 32
81 113
29 79
104 126
44 58
31 43
100 115
8 16
37 76
76 87
27 30
52 94
94 127
5 71
46 56
116 116
77 115
99 124
14 92
23 29
13 65
6 8
1 116
13 95
96 100
44 76
84 122
43 75
39 68
95 111
40 74
26 99
3 112
4 59
4 45
6 54
115 120
15 59
6 18
60 85
41 105
23 61
64 94
9 108
36 65
38 82
16 42
63 78
55 68
99 120
44 126
6 98
9 23
2 43
106 114
39 54
79 96
54 70
64 109
39 40
21 31
65 114
21 39
4 77
63 114
10 117
41 115
3 35
72 91
30 53
26 62
2 19
4 93
11 30
35 44
30 48
47 101
61 109
33 92
7 63
52 77
14 109
58 117
15 47
3 98
31 83
18 79
37 120
112 127
95 114
17 86
14 22
33 117
70 125
20 112
65 65
55 87
14 101
109 119
67 93
36 75
33 81
29 116
41 110
76 124
22 30
67 113
5 124
1 83
29 58
45 63
26 112
10 54
56 125
91 122
71 79
17 46
3 22
8 17
62 76
29 119
68 92
12 122
99 103
55 58
48 97
36 111
45 108
13 66
13 18
1 86
35 99
80 110
85 114
58 111
53 122
62 99
76 104
86 91
3 30
47 82
48 68
24 79
44 44
12 82
90 93
39 105
38 80
80 125
41 100
47 127
91 91
12 54
35 80
16 74
24 35
111 112
7 14
63 75
72 119
59 69
33 71
19 36
95 97
76 107
52 100
85 101
43 79
10 83
40 63
64 103
66 119
30 103
74 111
17 70
73 112
50 101
30 30
5 105
44 79
33 36
4 79
35 39
35 73
5 54
39 56
60 115
70 118
36 120
24 45
34 106
25 98
43 108
86 115
100 109
11 75
3 81
16 69
50 88
83 118
34 112
75 80
1 53
18 54
24 39
35 78
67 74
91 123
53 123
77 108
78 96
49 85
48 54
5 24
11 87
65 92
70 122
40 51
21 116
8 31
19 85
88 104
44 84
89 113
19 94
10 61
75 113
60 81
80 123
65 77
53 61
7 124
82 83
70 91
2 109
2 57
21 94
15 23
97 102
1 2
10 84
115 122
96 110
1 124
20 47
7 45
80 89
56 108
70 73
73 113
62 101
21 95
29 113
56 80
50 50
9 104
53 113
41 112
57 65
100 119
58 58
61 100
32 69
22 62
101 125
69 123
47 65
40 123
46 122
81 94
28 34
14 25
23 43
21 64
13 50
1 23
48 98
26 54
106 113
49 88
23 27
44 100
17 101
38 99
104 114
20 67
23 75
91 103
30 49
38 98
14 125
56 86
110 119
66 93
78 102
97 121
62 84
43 68
7 54
89 101
53 74
80 117
91 111
86 93
53 64
31 40
58 70
55 90
81 124
65 86
82 93
44 102
32 41
3 73
48 55
3 115
99 101
81 123
38 56
11 113
47 72
2 127
80 104
43 107
67 116
40 79
31 87
14 73
57 110
32 55
29 39
50 79
58 112
74 117
23 118
88 99
9 35
82 96
35 95
51 80
90 111
7 80
59 85
81 125
23 73
10 42
40 125
18 66
72 75
2 115
52 97
31 118
25 121
82 101
66 123
14 46
42 105
51 79
17 119
27 90
71 94
62 117
12 123
46 58
61 97
29 89
47 86
6 111
6 62
87 102
76 108
13 67
57 92
85 117
57 69
13 77
17 41
1 46
123 127
41 47
4 70
10 86
96 120
59 127
64 69
24 94
37 71
22 71
34 71
32 36
33 96
36 63
85 127
54 83
18 18
9 111
62 69
5 67
26 102
12 126
35 41
15 103
87 99
52 71
56 106
10 38
52 74
75 81
111 127
44 73
68 96
15 65
5 27
15 93
63 99
39 103
87 121
63 82
100 124
11 104
62 78
113 115
20 122
62 88
25 99
18 58
46 94
80 112
86 103
82 94
70 89
21 120
93 95
44 80
33 78
41 67
45 88
78 94
33 121
52 82
79 89
45 47
29 42
29 120
103 126
29 92
34 96
84 102
24 123
103 120
87 116
55 75
38 63
36 57
31 89
45 87
82 111
3 108
67 82
26 117
80 95
39 51
31 49
67 125
33 104
1 43
64 82
16 16
120 124
46 90
16 91
24 71
97 98
53 72
36 110
71 125
57 84
53 124
34 126
62 77
5 86
73 122
48 61
45 94
30 92
99 111
67 117
94 94
100 110
80 98
115 117
69 86
32 34
85 118
38 71
31 62
34 47
63 85
58 84
26 114
43 98
70 77
67 103
80 92
5 9
21 50
61 66
55 71
28 67
47 106
56 100
2 50
11 53
20 65
42 94
15 67
62 125
12 106
59 77
24 27
48 81
16 50
33 59
32 109
36 77
70 108
51 75
33 70
29 101
62 126
12 78
39 59
43 82
19 104
4 14
40 40
50 91
36 50
15 74
23 72
17 89
66 110
12 33
41 60
80 94
45 82
20 100
16 100
94 126
37 73
34 101
2 103
47 119
31 64
96 104
87 107
44 95
9 54
114 126
31 123
11 95
49 103
31 98
14 26
28 40
56 61
67 110
52 58
10 74
59 109
62 113
10 63
3 90
13 36
8 67
3 54
9 37
48 102
48 59
100 116
45 120
19 71
97 111
79 102
73 98
53 90
65 67
5 38
66 117
26 37
29 56
74 108
15 22
101 110
26 34
67 104
29 69
83 105
25 55
36 47
52 72
81 84
11 49
78 126
47 84
67 99
11 42
24 109
20 43
12 45
60 95
12 55
33 93
20 28
28 119
104 108
3 3
82 99
49 70
7 39
21 98
74 125
58 104
14 37
10 104
74 98
24 111
15 104
35 50
45 57
99 117
17 96
3 38
1 56
27 75
3 82
13 109
41 57
16 64
57 57
33 61
8 124
29 105
104 117
124 125
2 11
23 70
27 105
27 80
61 96
35 123
64 65
48 79
18 40
9 9
25 109
11 127
17 127
15 101
29 102
79 110
41 118
57 79
78 85
59 104
57 82
83 126
56 98
65 98
76 114
1 89
20 111
65 120
22 79
16 95
14 63
39 86
25 93
53 99
11 106
86 99
32 92
32 82
38 79
4 78
50 107
113 122
59 83
43 63
9 39
50 74
4 100
10 24
56 73
56 64
74 123
17 55
71 124
56 102
8 72
47 85
37 66
32 75
14 127
26 45
43 55
20 51
91 98
73 119
21 54
117 127
19 91
42 81
39 117
51 71
49 92
5 108
34 49
109 117
76 78
30 82
90 122
22 119
10 62
64 106
55 107
7 73
34 116
62 81
93 112
58 93
57 59
1 110
15 117
10 14
6 32
31 102
90 119
33 113
69 88
23 57
49 96
38 126
58 101
76 118
69 89
2 86
51 63
36 84
19 65
12 68
37 105
16 34
6 93
88 109
22 32
23 90
54 103
20 119
10 95
34 92
43 44
19 64
22 97
39 107
23 87
24 103
70 87
60 110
43 92
93 94
55 117
1 1
56 68
47 92
9 86
103 109
27 112
89 110
21 105
7 22
11 111
42 100
67 90
55 97
36 125
58 98
96 113
11 108
9 73
58 79
15 60
13 27
10 85
16 67
12 100
55 78
111 111
19 95
58 85
39 60
95 112
77 81
47 98
28 93
7 86
18 82
11 107
91 126
2 97
8 47
109 111
12 92
5 5
27 87
112 124
2 100
22 39
88 127
19 87
49 95
42 115
109 110
28 51
27 38
69 103
1 13
65 100
15 91
27 34
21 75
69 120
13 120
16 71
58 59
21 121
85 109
22 48
30 122
42 55
86 117
85 115
47 94
60 78
70 113
63 120
3 61
79 80
27 27
11 105
44 69
10 72
4 6
33 53
28 107
88 90
6 70
35 116
33 69
22 35
18 51
48 67
17 88
10 33
22 100
41 119
13 30
7 18
5 12
40 106
28 102
53 53
23 125
33 75
52 69
13 103
25 73
43 123
3 43
120 121
73 121
96 125
24 127
17 98
122 122
90 115
69 104
11 79
54 98
27 127
49 124
41 103
13 122
4 41
33 48
28 85
4 108
95 116
41 90
45 91
37 82
42 112
56 62
32 99
70 81
72 107
52 91
25 103
97 107
58 120
16 60
15 29
44 92
109 116
15 17
1 15
64 89
17 17
3 57
13 31
52 110
8 46
119 120
7 90
24 36
51 53
45 112
45 59
28 49
90 124
41 45
20 116
94 96
9 83
63 106
30 65
62 122
7 57
108 125
45 61
43 50
39 98
65 70
44 75
29 71
51 74
65 84
53 126
51 91
45 105
75 94
90 126
33 72
8 25
28 44
85 126
65 102
16 59
13 111
29 63
3 26
12 102
50 73
80 97
56 91
47 71
23 99
20 25
39 121
44 48
66 87
2 122
5 68
2 29
37 109
6 89
73 109
51 85
21 104
65 103
8 48
99 116
4 126
8 77
75 107
66 122
9 113
66 124
2 125
67 84
25 122
120 126
22 127
7 51
81 120
83 91
122 125
30 57
72 106
58 118
18 52
47 63
60 113
41 66
12 12
48 107
26 64
23 106
93 116
76 120
69 112
46 92
45 54
24 89
73 77
57 117
53 86
4 20
104 121
49 104
18 94
46 113
10 116
35 97
63 125
107 115
59 105
81 85
93 105
79 112
58 123
7 13
56 87
9 117
49 94
12 110
42 50
14 90
52 111
3 78
22 37
44 105
33 73
6 72
65 83
22 75
20 52
30 72
31 113
24 96
16 97
103 125
55 82
7 17
64 126
23 41
5 19
1 24
7 82
41 72
27 125
23 109
85 108
50 113
66 78
24 124
43 126
62 110
75 123
88 105
18 46
46 72
55 67
28 97
15 122
31 82
49 106
5 44
60 107
37 127
74 93
30 119
9 78
16 58
52 84
37 59
4 114
48 51
120 120
4 68
19 47
20 123
40 94
7 110
89 112
36 72
87 87
51 65
5 117
6 59
7 31
83 94
15 72
48 104
3 11
61 94
78 115
1 84
7 24
9 72
21 101
4 71
92 123
32 32
59 80
60 65
50 122
3 49
39 45
40 111
35 57
112 112
64 83
84 90
76 95
65 121
8 105
27 53
14 95
2 75
12 89
5 88
24 65
115 123
37 87
41 101
70 99
65 71
107 116
9 125
3 23
73 114
15 121
33 39
83 123
39 118
41 49
3 79
19 125
34 61
56 92
49 54
51 101
126 126
11 81
55 98
17 123
4 101
31 35
37 92
30 102
42 47
9 106
82 118
53 78
21 30
41 76
24 29
119 127
59 111
31 80
64 79
27 33
22 115
51 76
2 111
5 100
57 75
68 84
68 122
45 113
104 122
90 108
23 122
30 38
105 119
23 52
13 72
70 96
107 111
74 82
68 86
6 27
104 124
68 124
1 70
112 116
54 66
23 124
7 15
47 109
44 106
23 28
22 38
22 24
60 99
42 107
14 89
31 46
77 87
31 67
24 31
18 39
79 99
10 60
35 83
26 65
9 96
34 72
19 60
44 64
70 102
35 117
23 111
15 111
85 110
3 121
88 91
34 95
120 125
42 46
44 77
21 56
83 112
19 52
40 47
64 70
53 85
13 84
7 55
70 127
16 81
35 71
2 39
37 49
87 117
3 4
14 86
84 117
86 100
76 112
59 112
63 76
16 45
101 124
4 28
118 126
41 81
53 107
108 108
14 40
40 66
26 31
34 103
90 125
32 43
9 91
79 109
48 106
81 121
18 81
74 90
4 4
61 69
93 99
60 84
23 50
60 96
11 44
34 121
3 68
86 90
85 120
27 55
83 87
67 98
6 34
22 109
1 50
61 106
68 90
76 119
32 51
20 54
42 97
4 98
9 127
35 89
83 98
9 60
97 120
84 85
58 102
43 45
38 89
1 113
21 89
21 40
95 102
30 120
22 86
76 99
12 74
46 54
53 109
34 86
97 108
66 114
15 18
56 66
40 101
26 124
74 104
94 121
23 112
84 88
97 114
68 82
94 102
78 87
107 119
76 127
21 126
52 57
31 127
68 114
96 118
22 95
92 109
36 54
14 88
28 69
93 122
74 100
37 125
3 19
9 44
65 118
93 117
61 95
46 83
60 114
35 100
33 40
22 28
45 124
12 70
16 110
32 76
69 106
43 70
62 114
59 62
52 109
27 35
49 117
30 95
100 118
30 70
3 48
72 124
46 95
15 34
14 35
15 88
52 90
82 87
30 110
2 6
15 26
51 114
2 51
23 33
82 115
62 93
32 57
41 94
74 84
11 92
50 60
3 127
8 97
2 93
11 61
17 90
8 76
92 126
14 110
35 107
66 100
79 83
82 123
31 111
123 124
33 126
1 35
43 91
72 82
59 63
51 61
60 104
6 30
28 124
77 88
53 108
45 76
18 64
21 48
23 82
108 122
5 43
18 37
68 111
43 87
57 91
92 108
79 125
55 79
26 81
54 68
9 85
28 56
17 40
46 63
14 47
4 36
61 107
45 92
44 127
48 80
13 23
60 68
20 82
12 15
8 58
31 122
29 127
10 75
79 84
44 68
67 69
59 115
44 51
49 102
37 42
65 115
91 99
33 65
68 78
22 50
48 115
33 68
3 55
22 103
27 74
1 57
35 56
31 54
59 93
29 32
17 107
27 106
95 96
2 61
59 118
24 82
20 60
53 57
23 120
9 24
108 113
41 83
108 121
32 74
42 99
24 117
32 44
70 103
56 58
38 65
105 111
54 94
39 66
2 82
63 65
56 89
2 9
75 116
62 119
29 50
88 121
8 121
102 126
37 108
60 79
34 36
8 34
21 74
40 102
36 115
77 114
9 84
117 126
15 48
18 67
26 56
35 63
24 28
77 127
17 83
63 81
14 79
15 94
61 121
30 86
47 79
108 127
23 34
20 35
101 115
34 87
48 103
48 108
77 97
25 32
92 111
24 122
77 102
16 23
1 100
111 118
38 47
90 120
6 7
75 103
71 87
43 97
13 68
7 26
31 107
6 97
71 85
82 82
87 104
2 2
34 107
70 86
24 30
59 99
55 115
33 120
22 124
49 101
33 35
5 113
1 7
100 125
3 33
43 100
96 115
7 42
49 68
1 42
55 106
23 96
10 11
14 48
75 83
5 57
22 49
37 51
5 61
68 94
44 98
36 107
31 60
80 100
63 116
10 15
43 59
8 88
31 75
77 83
58 60
12 83
47 52
18 122
12 62
53 83
2 106
9 19
7 40
18 36
75 86
31 103
5 125
39 89
7 66
47 78
40 88
44 81
12 35
42 90
18 86
67 70
28 105
24 41
54 112
24 120
8 89
34 98
10 113
22 59
47 64
56 79
91 113
3 76
40 93
37 86
16 89
29 36
3 117
50 127
8 111
54 57
50 84
50 71
120 123
8 120
59 68
1 41
62 106
2 22
29 85
48 95
74 116
48 84
70 93
60 109
62 111
10 126
87 108
52 112
51 52
50 89
4 16
18 72
38 97
74 91
14 94
13 16
42 63
5 48
99 109
15 16
61 82
43 121
54 120
78 82
75 104
49 66
48 110
14 123
42 88
40 91
78 99
44 113
80 87
30 44
69 127
88 95
102 120
33 42
29 57
16 114
17 39
45 127
24 40
40 77
17 80
58 90
57 105
72 80
17 67
36 81
4 8
48 101
64 72
55 91
7 113
47 120
16 122
35 121
32 86
44 72
49 63
10 123
29 114
62 98
27 46
15 109
24 60
33 125
4 56
14 108
60 92
25 72
1 117
113 121
113 117
4 72
39 123
5 85
57 102
51 100
56 105
47 81
4 111
9 56
107 108
69 70
57 87
33 107
3 51
64 123
4 83
45 50
19 99
40 45
96 105
9 81
25 43
18 104
59 66
73 84
29 75
56 76
63 127
25 52
87 92
94 112
51 105
51 66
16 84
107 126
26 104
20 59
84 126
102 112
45 62
30 47
39 113
51 102
64 74
20 114
4 22
26 57
43 88
37 121
78 104
48 76
17 95
39 90
63 68
117 119
19 115
19 45
79 79
8 23
13 46
27 50
49 122
45 67
28 50
64 111
3 37
106 119
28 122
46 71
36 85
54 95
58 75
46 61
73 125
23 83
68 121
55 105
54 75
82 89
94 105
46 81
4 115
4 52
9 97
50 120
80 107
2 58
50 70
10 114
2 62
66 111
57 125
99 119
8 126
48 119
78 100
29 115
19 88
59 114
65 94
78 109
58 72
16 44
66 125
73 124
33 51
110 113
3 13
41 124
35 59
99 123
39 79
32 102
36 64
42 45
11 22
73 83
87 126
62 97
59 103
66 88
31 117
42 120
43 80
36 39
54 77
7 23
59 110
10 45
98 118
5 16
13 104
22 96
2 32
19 55
29 48
91 107
36 117
17 69
26 49
47 107
99 127
28 37
26 116
46 77
52 67
86 104
19 53
50 104
22 41
3 106
16 61
47 66
77 106
14 87
11 80
68 77
8 118
6 96
79 106
40 54
17 99
59 108
2 53
8 10
100 114
26 42
102 106
5 28
13 35
74 76
2 101
40 71
9 16
8 95
25 28
90 110
60 89
78 81
56 111
19 62
61 99
71 119
96 123
1 68
70 84
11 26
111 117
3 25
49 125
6 55
23 108
58 78
26 29
30 113
10 87
18 120
87 123
43 115
112 125
17 114
7 71
32 110
9 49
20 101
25 42
47 55
54 85
58 88
31 45
61 86
27 43
16 96
6 119
101 114
16 25
98 102
28 71
23 78
11 19
20 39
75 95
22 77
25 114
51 107
4 7
30 76
34 94
58 105
67 109
54 71
6 43
7 93
3 62
114 120
11 119
45 78
30 81
55 84
38 72
9 11
11 72
94 114
27 40
30 125
2 89
83 111
32 91
61 63
51 69
6 19
41 79
48 74
47 103
61 117
10 96
9 71
70 70
63 66
78 103
41 99
116 120
31 69
111 114
29 44
22 83
14 105
15 78
15 86
69 90
85 112
10 103
28 126
48 58
98 98
13 93
75 100
54 54
15 126
34 54
25 65
28 35
4 60
72 89
47 93
92 116
53 65
20 79
70 85
9 51
13 74
30 83
88 98
61 113
103 122
99 104
45 95
14 52
37 77
43 77
7 116
91 100
45 49
2 17
50 69
31 39
81 112
27 117
20 126
54 65
83 85
13 44
27 83
47 90
13 118
103 117
30 127
61 88
62 82
63 122
24 93
8 102
11 68
4 117
79 118
53 69
77 107
5 55
6 102
81 103
55 70
117 117
91 119
68 105
19 103
30 105
21 67
55 62
105 106
2 77
25 127
39 57
68 113
54 123
10 78
64 100
6 9
71 106
65 127
25 25
34 74
71 73
47 75
81 90
34 70
24 64
28 112
14 97
89 122
32 46
37 68
23 114
24 51
49 109
30 60
4 74
98 104
22 46
7 9
54 101
86 86
78 124
66 80
8 73
60 80
61 87
71 101
28 43
9 124
74 121
67 96
24 58
83 113
38 119
59 120
22 126
56 84
41 73
60 60
91 94
17 126
95 115
78 111
65 87
37 52
35 66
91 116
86 120
9 18
26 36
65 97
30 88
38 44
22 104
32 94
105 107
55 76
28 66
24 59
78 121
3 41
39 114
14 19
21 103
1 91
53 87
8 66
35 81
38 90
15 76
55 56
10 80
23 86
50 100
101 121
60 121
67 92
41 55
53 97
106 120
1 6
99 105
14 120
2 107
126 127
17 111
12 53
43 89
32 52
46 101
15 95
47 61
44 90
21 59
91 101
51 88
13 71
47 47
24 68
4 54
59 95
33 44
51 115
107 125
41 41
12 72
81 118
15 97
97 109
25 101
62 71
64 90
20 46
55 126
83 88
67 89
30 69
2 49
42 68
29 34
29 100
4 99
50 118
20 95
29 54
37 98
1 115
4 112
88 117
16 121
3 100
75 91
18 34
103 113
12 49
20 104
44 59
1 76
86 113
26 97
34 124
95 120
16 94
73 107
72 76
13 49
23 85
116 118
39 122
17 53
109 109
53 84
13 87
8 78
6 114
28 64
23 105
7 70
26 67
20 86
16 72
24 99
77 84
44 110
14 78
37 91
59 91
10 76
27 116
108 115
12 104
37 50
3 103
17 42
28 28
14 107
85 98
74 107
16 18
5 114
12 116
64 97
1 34
18 89
10 39
74 119
71 98
37 72
100 108
38 84
35 38
53 94
6 14
37 56
104 112
57 60
81 83
98 110
67 71
11 88
24 52
26 125
49 116
42 73
27 63
44 114
22 29
12 27
24 55
48 69
72 117
20 53
51 111
6 121
14 83
24 98
61 68
9 64
29 108
42 116
17 28
10 122
39 125
10 32
55 119
52 87
41 117
2 118
27 37
5 6
21 52
54 127
51 96
44 67
43 94
27 119
29 55
32 124
44 112
21 38
4 10
111 124
23 115
49 78
4 107
73 92
60 124
27 39
13 45
72 112
75 109
49 69
22 111
98 106
80 114
25 117
74 112
26 108
14 114
88 107
103 104
79 123
40 50
93 127
81 82
7 97
42 51
36 95
21 81
65 68
96 107
40 127
76 100
42 43
52 60
55 99
62 95
92 92
63 98
34 66
1 127
10 105
7 68
13 17
65 91
72 73
9 77
36 88
42 118
56 101
28 118
39 85
33 66
25 123
15 108
32 83
47 116
11 123
46 64
73 79
16 24
31 31
73 101
48 123
51 93
43 96
9 105
78 92
18 22
25 119
10 52
78 78
92 101
74 87
8 101
27 47
57 66
29 124
84 98
33 116
64 115
52 119
45 116
4 75
24 34
6 69
55 108
11 103
25 115
50 87
37 37
43 76
2 3
77 117
32 101
54 72
15 36
57 111
46 46
4 63
67 75
34 105
79 127
67 108
3 87
81 107
5 76
49 56
14 119
55 96
45 56
16 26
78 107
48 122
12 94
6 83
43 73
15 123
1 125
1 65
27 58
32 61
21 37
6 66
74 78
65 73
65 109
37 47
49 114
112 120
16 86
4 43
7 11
45 101
8 116
91 117
60 64
4 80
29 67
18 56
79 82
29 40
19 92
85 89
65 82
40 48
62 80
42 102
16 66
27 54
16 105
28 45
63 109
94 117
67 124
64 124
64 67
19 56
72 127
2 113
2 20
44 117
16 77
29 88
38 54
36 83
29 38
42 53
16 125
8 108
34 122
59 113
34 99
57 115
54 93
11 90
90 92
51 112
2 85
76 83
18 24
37 118
76 110
16 83
25 70
72 92
9 110
53 125
43 99
67 87
17 19
24 80
20 80
34 63
7 74
11 51
55 61
73 94
47 113
84 116
63 70
30 94
97 101
82 103
71 97
11 12
7 53
4 118
1 87
10 66
103 116
71 82
34 73
41 109
12 118
113 125
48 62
22 82
11 63
4 35
46 48
12 84
20 68
69 99
34 108
59 86
68 76
89 108
4 17
92 119
39 84
24 87
3 58
92 106
5 69
40 120
17 104
12 29
43 117
25 79
53 104
25 49
26 121
42 54
15 96
20 31
4 49
85 111
5 41
6 17
29 66
13 99
53 58
24 66
44 63
10 112
35 48
45 126
68 89
35 115
76 101
84 119
48 78
78 110
8 13
62 87
69 116
17 93
31 86
59 124
18 85
43 103
53 118
65 108
83 89
6 25
53 56
19 101
54 86
38 76
65 106
29 80
13 119
38 67
52 54
27 77
104 118
50 75
80 121
108 114
46 91
81 108
96 109
9 46
43 127
12 114
2 66
63 90
71 80
12 19
2 99
98 105
59 122
2 47
36 92
32 78
29 35
17 51
40 78
93 121
25 56
54 55
38 103
54 114
44 91
98 109
39 124
52 103
44 54
51 56
58 116
46 116
61 75
17 54
8 33
67 127
78 89
110 125
27 61
107 109
86 92
47 76
37 80
26 109
103 111
8 123
28 83
3 34
101 103
8 61
8 50
90 112
107 114
2 114
41 58
50 52
19 19
35 72
34 118
45 60
50 55
48 82
74 127
10 19
28 41
21 68
9 119
88 100
4 91
60 75
26 103
5 31
33 106
18 107
43 110
25 62
35 67
18 68
75 105
17 29
25 33
108 110
119 123
52 70
47 56
43 54
3 9
98 127
19 108
55 64
66 82
117 118
22 88
9 33
11 11
1 112
58 80
33 91
23 77
94 95
8 79
66 109
6 49
63 91
28 52
18 25
53 116
52 64
1 58
110 110
87 98
10 57
7 119
66 112
58 97
60 69
22 117
89 111
62 118
15 73
61 91
100 107
14 58
47 102
88 96
9 53
1 21
12 64
15 98
40 58
29 73
51 89
123 126
101 101
72 105
24 121
82 106
16 19
78 95
59 60
84 127
52 86
89 116
12 61
108 118
104 113
8 54
28 123
34 62
1 106
2 7
101 109
105 127
70 111
19 41
21 58
84 124
33 98
63 100
46 98
88 118
4 124
32 72
37 57
11 32
54 64
31 63
5 49
24 97
6 73
46 112
26 94
68 69
12 65
82 122
74 94
64 107
14 60
64 118
77 92
35 96
76 111
102 104
23 117
25 113
4 34
11 34
105 114
77 101
1 28
17 91
43 47
63 104
5 20
78 106
16 33
4 84
30 117
70 114
12 79
56 97
4 15
17 71
52 105
18 91
50 57
21 27
21 26
11 23
114 125
61 123
58 73
14 66
3 124
11 122
71 102
74 103
59 89
99 114
1 77
38 45
1 111
58 92
93 97
25 88
21 86
10 13
95 106
80 96
13 79
43 101
17 116
20 32
53 110
52 65
7 12
35 79
10 48
104 107
24 53
1 99
34 44
38 50
75 125
23 51
19 80
92 125
36 114
45 85
61 119
43 124
58 64
43 64
3 15
55 104
8 94
37 126
73 117
82 112
57 70
35 98
24 118
66 115
81 91
44 93
30 80
25 54
6 105
93 108
40 97
85 104
16 127
75 98
42 66
9 36
67 112
22 33
16 116
11 56
1 11
10 53
14 80
6 125
32 115
108 124
36 51
61 127
37 110
32 112
70 126
82 109
41 62
13 92
48 73
1 121
9 122
33 127
55 80
17 76
1 119
7 103
84 92
20 120
83 100
33 85
15 107
49 59
99 100
42 48
44 50
53 96
33 100
1 95
32 81
5 23
25 92
12 56
25 69
17 32
49 98
35 49
13 70
36 38
35 93
102 109
53 127
61 122
13 124
76 103
88 125
44 83
43 84
43 102
75 112
43 52
14 100
21 32
102 118
54 78
60 71
74 89
4 38
52 56
29 62
72 126
20 66
48 77
109 120
3 85
58 119
26 123
38 62
60 72
35 62
3 109
36 45
83 120
8 119
16 79
114 124
67 88
101 102
108 126
22 72
29 123
12 119
5 111
11 84
23 46
61 62
18 87
28 68
47 126
27 65
3 74
12 69
43 67
37 81
22 67
61 70
30 75
32 89
63 92
76 84
23 94
41 120
15 30
17 30
49 82
21 100
49 84
77 80
45 70
8 57
79 100
35 91
56 59
22 90
57 100
58 126
3 104
42 108
33 64
29 83
87 90
22 53
101 116
41 42
15 116
27 44
58 95
46 80
7 44
59 78
21 35
77 77
1 92
50 83
5 112
3 99
91 102
78 84
80 116
59 90
10 29
32 65
35 51
113 127
77 111
10 82
51 87
36 61
23 104
9 59
87 122
3 94
58 127
30 121
4 57
87 114
23 37
28 57
43 119
88 108
23 65
40 122
31 90
36 79
3 97
39 106
11 31
2 65
9 82
64 112
50 121
3 20
26 90
51 57
74 77
92 121
30 56
63 121
12 75
66 107
62 89
48 50
83 103
17 21
24 110
97 104
69 110
69 96
15 40
12 103
108 111
89 126
13 47
38 66
12 17
5 96
29 111
55 118
2 88
23 26
103 105
18 124
6 104
40 43
119 119
5 80
68 104
32 71
45 68
46 57
87 118
20 93
87 110
47 70
86 111
57 114
17 92
69 100
81 116
24 100
50 105
30 118
34 88
69 118
18 32
20 94
4 23
58 103
90 117
70 90
33 90
7 88
10 55
1 90
11 101
34 43
16 88
54 62
94 116
55 110
84 93
58 96
66 81
33 87
4 94
65 95
6 37
46 65
42 106
13 55
59 61
9 126
31 124
11 39
32 104
43 106
33 123
13 39
24 84
114 119
72 77
62 72
57 122
32 53
97 113
20 33
17 47
85 119
18 31
42 76
12 57
66 98
6 10
15 46
63 86
61 65
3 64
63 79
80 102
23 38
42 113
68 108
97 112
50 68
35 108
38 96
31 41
75 110
42 58
52 104
110 118
49 91
46 52
19 107
71 117
42 67
28 54
16 70
63 95
59 106
5 56
56 94
3 39
43 71
5 53
7 94
27 89
66 86
99 125
75 115
103 107
22 113
111 125
9 42
85 91
17 36
38 111
46 127
23 48
101 105
23 100
3 96
35 101
70 79
18 95
53 95
35 55
82 121
8 53
15 54
1 120
33 45
29 112
6 100
37 79
114 123
69 83
49 51
16 49
22 80
51 55
28 100
70 116
43 90
21 73
72 99
23 23
101 111
117 122
44 116
9 115
46 66
7 28
46 62
54 59
106 125
60 76
72 83
32 95
11 71
17 56
44 103
5 15
55 69
60 127
53 101
65 88
73 85
39 97
98 116
6 53
50 98
47 122
59 102
27 100
31 47
74 114
26 122
16 73
23 74
60 101
77 96
16 115
67 115
10 98
21 55
20 99
20 29
62 116
41 80
22 102
50 119
11 89
30 115
60 83
82 97
11 40
90 95
87 120
59 98
54 111
111 121
33 111
38 38
80 83
26 85
17 38
27 92
3 83
50 53
106 118
69 81
121 124
36 49
66 99
4 37
44 107
10 47
6 11
28 82
1 38
10 37
26 96
7 98
37 39
30 43
1 4
68 117
21 122
20 72
7 38
27 97
3 36
39 92
1 48
49 58
110 114
59 73
19 118
5 92
82 127
22 70
7 117
53 60
12 39
62 92
100 123
24 26
27 121
16 98
82 119
13 41
10 31
78 83
23 102
50 90
15 110
58 108
50 64
51 123
40 83
34 83
15 28
28 76
103 127
61 111
20 26
63 93
79 98
22 91
30 54
8 59
91 105
58 65
10 59
32 97
35 124
18 69
25 81
84 120
57 86
25 82
52 53
39 48
27 56
33 115
33 108
5 98
19 68
2 73
93 114
18 92
47 50
115 115
50 123
28 73
25 111
5 94
25 112
7 101
5 25
1 44
53 71
41 84
94 106
7 106
27 93
68 123
74 81
61 81
42 103
97 126
80 118
23 113
65 85
18 109
42 110
10 65
50 82
32 50
20 88
13 21
71 96
7 50
69 77
86 88
97 116
42 127
16 109
42 109
57 89
61 124
60 112
3 6
18 49
74 95
75 102
41 69
17 81
12 113
59 65
34 89
25 29
8 75
89 99
56 107
31 42
29 45
20 49
66 127
39 71
28 75
15 56
68 68
50 56
21 107
69 119
73 111
3 107
38 74
54 125
28 103
110 127
90 103
38 49
34 48
23 123
98 120
36 126
67 97
90 123
57 121
16 37
86 108
65 99
7 108
23 31
52 83
29 52
88 126
9 101
92 96
102 103
6 56
11 121
5 70
84 94
50 111
95 124
25 97
77 100
13 15
4 42
63 77
33 62
20 92
48 60
105 123
23 42
8 112
54 58
104 123
59 87
52 78
30 84
10 90
45 74
38 53
10 26
12 95
98 122
19 66
47 60
56 116
41 125
1 52
6 31
51 51
72 121
33 94
2 38
3 66
18 93
92 124
11 124
32 105
35 54
20 69
45 48
69 97
83 121
91 109
68 120
27 94
95 100
15 45
25 118
92 102
5 123
45 98
21 118
51 82
17 74
1 78
7 104
101 108
30 98
41 93
23 71
15 37
86 124
10 44
64 87
68 88
40 92
32 35
40 67
28 29
2 46
32 119
40 121
8 60
18 29
29 33
25 108
81 88
83 119
107 118
19 79
20 109
25 40
37 107
35 68
68 72
24 50
82 102
12 60
109 113
64 117
72 94
26 88
62 91
27 72
57 68
1 64
8 68
57 97
49 118
21 77
36 119
74 115
76 86
101 107
28 108
32 62
50 112
79 111
101 118
12 93
2 30
47 95
26 87
26 66
67 114
16 82
17 85
12 73
78 113
48 124
49 97
2 70
39 67
6 79
77 91
16 32
31 44
34 80
37 83
35 75
67 72
15 43
11 115
98 123
37 88
19 119
37 65
30 73
91 110
46 68
29 29
54 89
15 79
22 81
3 91
21 71
19 81
101 122
58 109
51 103
51 121
61 101
115 125
58 71
54 102
106 117
77 95
14 39
1 8
28 94
14 96
41 92
45 51
105 115
48 121
53 106
60 70
72 84
10 107
106 109
51 54
87 109
22 99
39 61
24 32
32 126
17 75
6 39
56 122
65 79
20 55
49 100
49 49
74 79
56 88
46 105
32 39
11 109
44 97
31 94
2 63
85 97
82 98
64 119
75 84
45 103
43 120
22 85
102 107
77 116
33 82
48 118
39 78
124 126
18 80
40 95
85 106
15 58
83 101
25 58
3 52
43 122
4 82
115 124
22 26
54 96
6 82
48 112
64 78
27 52
4 85
27 88
11 15
25 36
26 120
29 64
19 84
27 59
61 89
28 61
15 115
71 110
51 72
111 123
75 118
39 44
19 33
35 119
84 113
27 57
58 89
15 50
91 95
17 117
60 102
7 47
39 119
51 67
17 84
14 111
72 98
21 76
15 71
28 78
39 42
89 120
38 115
90 94
112 117
19 78
34 35
3 116
2 23
43 114
11 14
26 33
31 36
34 76
21 102
3 93
66 113
49 99
19 106
31 66
71 112
89 109
22 92
77 105
29 122
8 84
21 65
57 58
74 118
39 99
34 78
62 65
31 92
56 103
15 32
82 100
26 126
18 70
81 126
95 122
12 81
69 107
80 85
63 117
17 124
56 120
7 34
116 121
34 79
14 121
29 117
32 103
15 119
6 107
64 68
44 61
19 39
2 79
49 57
27 67
22 23
47 58
67 106
92 120
32 47
29 82
86 119
32 45
36 113
2 117
88 103
85 86
25 102
5 89
55 74
104 105
22 64
18 110
13 86
32 33
30 100
7 127
2 59
9 48
68 79
73 126
9 92
97 117
72 103
12 46
20 40
3 67
30 89
72 100
81 95
98 111
43 62
94 110
45 81
111 119
47 121
2 24
16 62
66 94
19 75
14 124
108 119
77 104
56 63
77 89
31 93
12 43
17 105
95 98
60 108
91 124
92 95
17 100
59 72
53 81
48 53
57 76
73 96
4 87
29 93
51 94
12 90
36 122
77 94
36 123
8 24
53 66
28 74
23 88
28 99
53 103
6 116
37 90
98 103
6 76
112 126
5 8
58 77
48 56
8 117
115 119
6 118
62 67
88 102
10 106
66 102
7 30
71 88
60 67
12 85
9 66
30 106
60 106
56 115
6 117
33 67
97 105
106 127
21 123
29 86
13 101
19 61
44 88
47 97
20 41
76 102
57 116
6 41
47 57
41 106
41 88
88 94
47 88
15 87
54 67
75 76
75 97
61 103
24 116
46 78
62 105
30 97
13 62
13 48
67 91
36 56
34 56
26 75
36 80
7 7
5 79
122 126
16 46
101 117
43 83
29 91
91 106
70 100
15 127
57 106
9 38
42 72
8 70
15 41
6 61
65 96
33 58
34 85
7 20
100 103
77 98
52 95
46 125
64 66
45 69
69 125
68 73
29 106
13 40
58 121
30 41
37 115
36 48
19 83
46 106
21 112
12 67
19 42
44 121
27 82
51 83
23 92
110 121
15 112
37 43
72 108
11 58
64 113
8 93
1 105
114 127
71 92
9 65
6 68
31 50
14 117
15 38
27 76
59 67
21 87
61 78
69 115
13 42
52 123
20 113
9 87
71 100
36 43
34 41
108 116
93 123
4 26
82 91
61 93
66 104
31 100
