199 2079
qrovlxzqyneizo
jhvwducgkczgtllfnett
swddxgmjxzlihlhniyy
nhkrannixbjiwrcsilvk
jtdqchvjvavefhysh
sihmhodykigwusbzkuu
chuwifisqtprohdyby
svcddmolisomgpfl
hlslngmdpizvwmrxuu
pgtlyixvrxvqfuehubxr
brizcsesypvyo
owiwamqyprroqih
tbhdtrhyleawktmv
yzwtsyuotscsfshyb
nstwirwmbxdksron
xafousputkpeigntgvt
itbsdhrdvyphh
hkjbgamuvqvxonjmun
flmcjihnfvskd
rdahqzlznbzddlkfdsg
pcpsfsebrzhtvzrr
umqcrwcsmdbxxt
hxxzgpuojhusxkouh
hnycwvtbxqvfuqgekts
zvsminsxyzqy
hacjavlewhzswfifwo
aosanrjqxztnjyjra
catltmfofsrffiytcni
xsyoncdzygiyvk
vviomxcuuxccbvcfeip
ayvpvzwpkhdfxzvmn
qgyqcflxvfaykvbxtw
zaqxvzqeujmiuye
ibkmhcjgrszdcuyaj
sdhidyzytiqvywlmyvqb
mslrhoquqiqtw
dbptnoajxzasrbp
cmzavcpoyfehrsnomorr
mtgbtxgqkzlzqybqi
usvytmmcztiln
hepwmmbxyvpodt
stvqbypvvdqdzwbnq
amudvtmtqryivkvaz
zcpypoesnitxv
cgvvkgrefmllh
cmcrzyajabpciikdpoy
reqlnczsxlwcpxr
bhbboyslceevxayykjwl
pnclsurngdvclulvxa
weyxktuhpyahesm
gkwhihatfbka
ifuvmsxqmlvv
hoqdymkdhxgthy
dozqzaltkbez
isdvnkhcsbwbnuyp
tppswiibtsavigksrqsk
jymkytprlvtyp
sqphenxwcfdczdklyi
jknhpulvwacgsxgvk
tjkfcgqsavbwgh
tzvsidshcebjhevjtfmg
ctycqvgeoruzffpowuq
nytcusoqgsxyuptv
qujjmnsrvayvsgsurvr
oaxslqrquqxpvogo
jfayeuplowrxso
meviixjudvkhxnvk
bexbmgfmhdvbl
olwcxbabjengvnwv
bdcczfukaiba
gtkseknhzsbmbcsmdyte
onaabmuvzrzihqdfdvnn
nxtzabmzpxmok
wgujwcpwkzklbh
zlckfdcakhaorqgqmm
douhkvdqpsjwpo
bbifqjdgfnojojetgqc
tnfqxumsnhidzhknefjm
otryfddklfnafuapwcmd
akyxrxzudyfey
wzctrdnhwienfzhxzp
lbulbtkkxuthl
aveeyafcfzvzqdvi
tdonbxtfsgapghkhchr
haxdqlxljhkgugk
ehyacjxcnimvvzf
cvotumktapjmamauur
afecmctsusqon
kcwobscdsekes
lynfxgcrjjospd
tvluprtnbkwznkcipda
urelppnizczisgxd
hroviipalghk
uouqdrvvzhuiptj
hdxpyzjqymxpbaopqnu
mitoaggyppostfpjol
whrltmuuqhqugcwrsvcb
qevlvivixqhqhughups
ywsxnvsofjcp
nzwmvpyrtsieq
zexhxdymfzqvocusvev
odydjkiwajaebttmz
mxtuhqlwqcocdb
dxsoxbpavcagltgfldqv
isiuabyejvhdhn
cujevbwixalyxnajesj
bnhsjsvxhyublflbhhw
feqwcfkoltybpwg
mcqndrewmmpbwu
zpyrgoojuppfdqhias
vxwsmzvvvjldq
stindckqqyjavkt
smxrbzejtvykxaxo
kabnwmxueicpvozwsij
kgnqtqrkeyuigxvqd
zczjbjhxbipxvnxvwi
yqhgiwassolpgifetoo
udinxyzgwhrl
jofsirjrzxxoabuotbdz
lsyracmnkkcwsdmchd
wxthnbxtmoxfgimrqm
tcewtufuambysprlvxtw
fubkrobviusu
woqoepffyfgizo
rotjserqxosseb
vlcwcrfotuvidimw
nzvycknjgunwrlme
bapcwarpbxdzeoogimj
thbhwrgajcdocrxxp
jboifrtxitpfuhc
kbiywbrlucuac
qcrnogmcywqahdshpla
yjlatcftlvcvpnav
zzsyfbhjcbwdnszivda
ptdbderpucythbapfc
yjlfxdeznkip
bbncflqharbiqycmpzl
fyvyiuxzanrlxbhzkg
snvzuhuxtmwvzzawj
krtudgqaflusksib
bfprqydbzrkmxoeiglzy
oekrzyquiatbjt
mumbvjhjqnqvslovqw
zwzizrcxkvwwndqdo
rcxdmqgcblyctmgt
oekfszilqgehqhkgnuo
feuwobcdowxfhptfa
royfbsptlopfnoyu
hgrmshksayymvj
uvatikluvaso
uoqvhswqpiqmgwhc
kbaxkeitktldazg
ifmcdhinyxrcrem
nrwqwfpmxkpxswmsztkr
toojjudvejrppvilgkp
fnirdcdujcyxyfno
rhbgbajsvkkt
esqmuouqgncoae
vjocutzlnewllua
qhsuywunhjmloah
lcghdknaxarwxmmtygo
qsdjmkyqzboy
mzdxpgtziakqncusl
vllxdmindipewdj
pgddrgbolsyfjrjseiqd
njiwkbthmdwuuvv
yolhjxsjkzsbe
xddeskhgqobj
cwxyylydupnmzx
khdkjeeoeypkjy
mrcxwypxbtcecvz
thuhsipulxbdfmljonb
adyivlcryluone
obpmgcrdikbwamx
uhjiygvnlhxp
uuciqynoqwivrlbv
cxcfftprtjjtcfjeb
povblzakhfprqxevhc
yqyrkmbidafaxn
lnixkeeuurlmmyesd
lomezurugohldwghxn
uceguejezzuxqxgbw
kagrcgvxygmrf
ughefkxutirrog
ofrnmazzefdikxhsppno
xwbudkbvpqyvkrdm
hnwuxkddpttqly
sgrzqxdwydzwbxtkulqj
soapaosvmzojutqasylq
vvhxrfyjpibcw
dwuuuxopnyvjzknrhh
tocwnyevzdgdiofzq
jxpljiwknvbzjsnmir
veohrvezjlgpwpuph
mxuevsnzrljpzjx
rshalwekhckgctmg
ftobkrmraazfojxijy
pwyjlxozhyqo
rgdwitjwkzemjuyq
49 45
118 75
93 25
47 166
99 25
165 152
140 175
190 23
154 101
45 139
196 109
68 26
166 126
31 2
46 13
59 22
30 105
191 21
136 12
169 138
10 50
42 134
7 84
5 41
92 46
92 102
64 71
40 26
184 46
117 132
155 34
136 106
93 13
56 123
114 139
75 184
68 165
61 111
58 120
83 159
186 129
194 61
147 187
176 178
128 108
94 33
111 23
64 132
92 161
40 2
154 58
149 155
128 179
55 98
185 51
160 53
134 171
89 170
159 27
98 199
85 185
73 123
75 128
183 71
25 107
129 160
21 34
180 189
26 20
25 67
3 176
72 186
164 5
185 190
169 114
160 95
75 32
148 114
84 78
115 1
103 104
124 90
41 172
158 13
100 138
173 82
95 92
152 9
114 94
35 109
171 140
83 181
187 28
14 158
62 187
2 61
3 183
50 95
171 131
35 78
92 170
94 60
119 148
39 143
181 194
61 133
192 61
94 102
33 97
13 183
117 120
154 129
115 69
126 3
16 100
175 128
133 41
130 173
138 63
23 82
12 15
93 109
1 119
94 11
158 84
170 140
194 191
91 69
80 41
142 153
169 178
12 106
128 195
153 13
123 149
120 164
148 126
198 176
13 159
179 164
162 81
199 48
141 176
152 19
110 65
199 99
183 10
78 20
69 79
117 67
130 183
126 26
162 124
174 192
102 64
101 173
140 129
118 163
115 194
30 135
102 26
73 177
103 58
80 99
179 93
146 189
95 109
128 92
110 30
170 50
173 44
190 159
85 27
161 101
163 11
186 11
115 199
27 155
114 174
105 86
117 183
198 141
27 48
23 5
10 176
3 186
183 159
131 107
58 33
128 183
4 146
1 183
175 92
21 66
187 12
127 158
39 50
170 170
154 109
145 134
2 141
11 46
65 145
26 12
45 199
78 175
49 41
59 42
149 138
50 145
44 159
54 70
41 13
196 150
16 116
26 158
139 14
103 26
145 164
140 145
177 109
52 48
52 112
43 88
192 1
40 150
148 106
135 175
94 58
22 3
82 78
198 161
163 26
47 48
198 120
51 143
110 10
74 170
165 117
42 159
47 146
97 187
152 30
197 177
160 166
197 6
80 49
76 185
9 20
28 4
46 16
110 176
17 60
63 133
17 100
1 48
102 134
170 8
115 23
164 144
164 102
175 96
48 28
109 26
164 161
26 25
34 179
71 38
46 159
75 185
52 72
52 9
136 19
129 103
168 23
161 53
151 5
36 174
30 166
130 58
50 180
143 133
170 59
101 153
135 7
178 52
107 16
59 157
42 11
145 49
59 91
182 31
189 24
141 117
86 16
55 19
172 32
50 162
48 94
62 115
194 122
133 91
79 13
113 66
22 166
187 110
25 128
89 178
138 21
31 48
77 162
189 86
146 112
67 197
112 186
163 198
69 168
113 32
127 41
5 48
17 58
47 172
124 135
16 63
72 131
82 154
99 66
107 45
26 45
38 84
55 84
33 58
143 118
106 28
41 199
75 16
21 19
38 110
114 125
11 118
29 195
23 17
113 158
74 125
26 58
44 77
113 104
175 153
64 133
177 71
34 155
140 122
29 101
9 179
133 35
13 175
152 102
145 2
119 90
14 135
31 166
20 151
180 67
75 133
37 51
131 87
27 170
150 42
151 77
78 3
24 21
67 174
16 127
193 135
60 88
194 99
56 41
127 86
137 60
157 180
59 67
7 147
192 148
65 89
194 159
153 72
7 20
26 30
67 98
191 82
48 66
97 135
184 136
98 46
26 68
118 4
196 46
187 91
52 81
10 99
61 35
10 185
48 172
139 117
140 83
14 15
184 109
99 137
10 59
199 129
194 27
146 183
64 102
116 158
102 82
113 135
76 111
181 157
66 120
59 3
171 176
88 192
80 173
160 52
43 60
193 49
37 11
64 126
121 172
143 24
119 69
2 139
188 2
44 72
35 152
27 58
51 115
76 143
87 125
138 122
166 181
130 157
168 189
78 122
119 116
30 175
169 118
10 78
176 22
154 35
51 141
70 12
131 132
149 13
86 125
172 68
102 197
182 4
122 127
54 3
94 31
115 106
194 155
64 7
17 110
6 48
62 190
148 166
25 91
49 42
104 103
65 126
66 20
58 13
140 167
50 15
190 64
33 89
197 198
94 156
29 168
58 80
167 140
196 94
54 157
162 85
76 10
63 40
12 149
111 179
138 11
148 53
48 178
143 128
44 85
131 93
78 60
156 129
45 175
140 18
172 77
64 49
71 145
44 165
114 32
82 26
82 43
177 79
94 73
28 65
41 164
168 52
141 138
161 18
116 89
162 76
75 132
158 174
71 161
149 94
66 26
68 180
102 45
58 99
47 39
152 199
17 91
125 4
120 48
132 103
149 22
21 191
5 139
63 157
102 19
139 183
51 180
101 46
137 68
56 24
104 59
55 173
187 88
135 130
89 170
23 140
65 122
189 88
73 101
147 42
76 59
184 55
153 61
34 26
118 87
83 76
51 102
113 49
187 25
111 111
143 104
107 136
164 107
8 17
30 89
173 165
7 98
113 83
84 19
71 160
44 137
139 113
49 135
170 123
98 168
133 14
192 54
102 62
184 173
198 100
127 104
133 4
183 128
179 129
142 27
124 185
6 157
128 3
70 66
130 124
43 183
189 145
87 125
164 133
95 67
74 8
4 17
45 56
91 32
62 29
136 96
169 145
41 129
184 130
160 31
69 91
126 66
131 27
19 163
111 126
181 100
153 47
77 154
39 91
89 22
27 184
103 124
93 9
90 135
132 198
199 106
92 2
126 57
187 38
195 197
51 131
177 157
69 68
185 176
36 42
13 102
105 56
114 194
25 123
9 52
73 53
63 70
96 25
12 151
26 91
195 147
182 134
8 177
46 197
70 199
25 99
122 37
75 141
182 81
58 87
76 145
102 140
14 11
121 21
110 148
82 16
147 63
118 47
177 187
107 143
197 53
142 164
128 159
135 132
90 21
77 42
135 166
126 74
63 10
13 77
46 171
10 37
160 198
83 81
39 183
115 144
80 18
41 28
135 194
21 31
150 94
152 98
8 86
192 87
35 27
5 58
170 36
178 5
178 185
36 195
100 29
32 9
29 151
81 15
14 57
88 87
135 31
26 19
181 103
42 103
32 190
157 81
165 74
30 97
70 90
184 89
193 112
18 184
169 30
104 100
136 184
109 85
38 113
152 131
160 86
159 115
188 27
82 165
56 176
96 81
195 184
79 177
102 194
10 162
43 110
77 50
109 134
185 130
55 182
198 163
1 191
185 58
117 164
193 143
58 61
169 38
102 81
169 199
153 63
130 98
1 51
16 173
156 172
173 91
91 74
156 18
55 186
54 71
68 122
65 16
37 127
19 91
16 144
34 191
38 165
197 73
157 195
187 198
149 30
42 4
134 149
186 79
128 18
69 88
41 147
5 4
60 128
54 127
134 46
9 106
145 133
13 165
48 91
138 111
164 135
13 156
96 95
135 21
55 110
115 85
146 179
103 115
192 11
198 96
156 65
178 157
164 184
147 93
65 146
112 64
70 181
120 38
66 46
87 102
22 127
36 71
111 49
65 91
186 73
159 158
91 116
164 128
146 199
3 180
77 161
55 198
85 69
103 154
59 138
85 64
186 26
51 189
94 126
107 152
112 76
130 62
196 173
158 60
56 68
41 176
5 90
79 41
154 149
91 86
146 160
107 192
92 140
176 137
187 180
64 90
117 99
138 85
111 10
168 192
109 45
190 182
153 70
182 70
177 7
33 30
38 3
2 192
69 88
147 146
41 167
158 63
161 37
59 175
182 91
169 182
20 88
92 125
168 196
64 115
142 135
199 99
96 49
18 134
10 102
93 132
196 22
105 147
68 183
169 113
180 166
47 51
149 10
89 104
191 89
27 93
191 107
52 66
167 15
102 93
100 97
99 167
28 117
199 115
77 186
10 194
166 162
154 104
47 176
86 84
18 84
54 145
61 113
145 57
185 147
32 99
124 70
175 191
116 127
88 47
65 79
153 142
28 43
104 73
124 74
125 9
140 118
121 184
148 165
14 110
182 42
176 63
128 70
82 12
8 55
11 169
71 171
163 80
174 48
158 15
70 64
12 62
107 137
7 88
74 42
101 174
31 146
37 148
67 190
150 100
25 80
188 45
29 109
63 12
167 157
102 127
168 73
170 147
106 8
196 129
110 42
176 85
171 191
30 158
98 91
138 22
77 53
142 65
69 100
159 64
186 135
89 5
97 97
27 93
153 119
142 42
62 49
136 164
159 120
108 89
168 188
175 68
196 66
61 123
177 157
169 29
114 154
174 88
117 182
154 19
64 158
197 68
89 27
123 129
190 10
123 98
97 190
112 150
147 197
162 60
26 58
161 63
55 116
188 36
128 40
57 1
143 153
95 171
88 148
90 142
169 120
91 170
55 21
110 198
127 153
19 37
139 195
87 127
32 130
38 16
46 30
196 176
179 186
129 165
40 128
135 192
84 185
19 32
34 197
123 7
31 98
119 64
155 163
171 199
45 87
19 5
30 79
59 37
112 112
124 146
172 30
190 49
74 160
191 150
32 161
98 19
10 11
144 180
113 132
15 148
129 170
50 155
128 148
21 19
126 171
148 164
54 77
118 33
46 165
192 89
185 122
142 171
58 167
132 105
118 92
43 48
173 90
70 8
2 34
17 141
83 130
36 75
101 69
129 189
27 108
168 81
99 180
67 19
166 42
14 5
150 11
19 135
36 185
142 143
196 175
68 163
36 32
33 123
164 52
143 185
74 46
185 48
72 180
113 74
39 27
88 67
82 87
37 8
174 9
158 60
74 27
111 3
151 78
199 140
72 19
133 30
166 9
22 179
54 72
4 115
185 44
174 34
41 141
193 77
161 26
163 140
190 157
167 169
18 75
127 37
2 109
47 133
118 24
183 191
185 153
87 10
165 146
129 56
134 76
81 122
80 159
123 137
71 131
197 18
141 134
198 37
119 107
2 124
165 138
177 15
188 34
11 124
113 55
18 66
102 111
4 84
2 165
197 154
29 140
43 132
102 91
17 56
42 134
68 14
87 145
14 169
61 87
1 176
96 108
71 34
163 65
12 18
79 38
49 169
187 144
113 16
124 19
175 78
120 122
118 83
121 167
130 137
55 28
192 30
49 124
94 163
114 62
110 58
48 102
157 191
41 116
187 128
150 28
134 119
69 75
51 157
158 130
62 67
185 165
58 169
150 97
25 155
129 62
23 139
135 70
163 58
155 51
179 172
83 159
31 30
146 25
108 176
63 96
42 70
60 169
121 184
25 85
83 145
173 74
136 118
31 82
143 189
145 62
108 102
151 6
91 90
112 57
199 33
56 90
186 29
110 165
93 57
105 181
69 115
143 1
24 181
186 168
160 43
85 181
55 70
30 67
188 167
138 36
146 25
22 128
171 176
52 100
95 147
23 142
130 127
40 12
172 106
164 150
72 142
187 19
106 40
40 145
119 123
136 71
117 99
4 8
191 112
122 55
197 129
44 27
43 196
124 179
7 148
167 156
54 102
15 7
78 150
116 100
49 82
58 170
134 95
190 14
189 77
134 28
139 105
165 68
169 122
41 8
28 122
157 171
165 120
38 37
158 39
109 179
44 188
52 128
109 81
123 161
52 191
49 39
106 169
69 65
150 131
61 65
179 178
81 173
38 81
100 188
49 7
69 26
120 85
58 49
165 33
76 23
122 85
143 138
132 64
105 179
138 178
63 43
175 20
123 29
104 187
90 111
22 54
39 199
82 173
134 152
120 23
117 153
12 145
88 39
17 58
22 162
112 88
44 130
119 178
131 75
138 127
188 109
77 78
157 168
152 20
148 194
163 20
197 197
191 134
54 134
54 149
11 164
130 148
75 38
134 173
13 27
124 71
37 125
1 170
59 3
145 123
101 194
165 104
145 19
77 11
112 159
35 8
124 123
108 150
2 124
112 10
92 101
198 136
41 80
161 9
167 134
42 152
53 110
179 69
3 187
80 27
127 169
167 54
163 77
153 6
114 48
154 130
96 21
5 77
38 75
188 66
24 6
97 106
198 121
12 174
146 61
112 143
128 149
165 176
159 77
62 24
129 75
19 145
19 148
157 160
15 104
196 79
97 101
142 17
154 96
137 36
141 126
38 164
125 58
120 18
25 56
99 181
40 46
155 127
58 150
72 90
156 146
65 55
3 128
12 109
172 101
50 191
183 6
57 39
156 4
128 114
144 138
192 120
108 48
8 127
162 168
134 92
163 86
128 56
144 194
92 61
123 122
17 142
194 36
59 142
70 19
144 54
59 3
179 18
148 26
102 90
171 54
114 147
169 101
128 162
21 90
143 163
108 123
149 129
55 156
33 6
59 113
97 192
197 147
171 30
33 88
12 48
193 12
25 91
95 101
35 47
61 180
83 76
79 66
189 4
98 121
16 167
70 81
96 84
159 142
193 122
6 91
90 163
42 6
122 11
142 68
94 111
48 73
159 177
123 37
38 106
152 75
63 102
166 92
161 165
192 112
143 121
48 86
45 16
16 17
71 46
198 134
143 176
71 35
56 177
198 63
134 185
158 136
156 51
78 93
183 82
181 190
19 144
79 127
170 18
47 70
135 30
22 181
122 88
37 139
17 46
68 191
44 89
184 16
104 140
37 186
113 15
101 66
102 143
173 20
138 65
28 18
20 5
152 28
133 9
62 112
111 13
70 20
10 147
7 77
18 112
98 190
94 69
150 70
127 94
81 137
62 177
62 4
140 49
75 77
95 169
42 91
78 156
36 112
124 99
155 149
194 148
173 27
193 84
17 112
38 48
41 29
72 37
43 48
115 122
7 21
118 4
198 77
152 1
108 77
67 68
189 107
197 26
6 52
158 73
52 107
37 22
163 170
166 73
44 46
53 139
141 46
161 151
31 78
26 111
25 163
199 29
150 161
18 191
189 106
86 79
131 113
182 3
15 54
83 47
48 54
17 31
23 97
169 52
156 24
39 35
13 170
104 132
42 144
123 33
147 176
83 41
9 122
53 94
48 18
71 198
186 183
55 109
24 89
57 121
47 134
48 103
168 162
135 36
157 132
120 122
131 117
123 107
78 19
23 197
48 29
18 136
57 2
146 119
133 4
66 18
194 175
165 176
186 98
4 84
63 165
134 110
40 49
148 183
127 174
1 195
159 65
95 26
83 96
14 70
152 53
52 185
166 24
13 188
127 12
85 195
185 7
30 169
166 156
23 132
45 71
13 136
166 102
127 62
157 71
180 177
72 157
116 176
20 52
23 40
168 16
51 94
124 143
132 25
27 124
91 152
33 159
119 124
165 74
187 101
60 123
30 138
44 137
128 79
179 61
104 72
7 19
107 25
126 77
94 94
194 22
161 153
98 54
174 63
106 81
87 134
199 85
131 101
31 153
63 104
75 32
93 66
117 197
108 120
5 77
94 84
186 142
90 113
66 168
180 153
85 102
85 177
103 141
13 126
98 53
149 79
187 31
84 9
41 115
92 127
58 60
85 199
121 169
49 117
167 143
129 114
32 119
13 27
48 169
80 143
145 62
73 108
177 76
167 123
194 172
92 120
160 150
137 94
82 66
91 153
21 76
120 43
180 103
163 55
145 148
194 82
77 24
45 119
172 108
60 87
174 113
54 135
100 105
85 53
106 118
9 119
164 54
198 178
178 91
82 185
26 7
149 37
39 121
67 20
157 103
81 106
197 105
164 131
142 32
53 114
32 65
189 189
134 4
148 67
195 80
7 20
35 18
136 167
32 119
34 60
108 149
147 34
77 137
123 43
38 12
158 76
111 44
20 165
68 88
63 104
189 167
108 122
165 86
140 45
13 104
179 106
37 194
168 123
64 180
31 71
4 179
111 33
72 187
167 93
93 22
29 195
73 182
83 46
41 187
183 142
82 145
105 10
180 141
21 101
82 187
148 102
51 50
185 152
192 145
100 109
82 63
85 177
149 161
96 104
140 124
4 15
31 8
93 171
29 174
75 149
86 9
96 192
25 145
147 193
31 153
59 94
73 12
35 192
18 22
55 139
149 1
31 60
79 135
23 32
50 135
125 30
23 199
173 32
103 136
10 99
184 10
39 103
37 172
60 37
149 127
107 98
146 46
24 158
33 196
191 69
129 132
80 132
40 73
78 88
112 34
6 137
6 153
76 25
19 155
132 8
147 118
37 148
145 85
78 2
148 23
106 127
123 52
168 134
196 92
109 182
94 126
43 1
98 138
64 151
45 62
121 28
86 141
83 179
176 133
58 183
167 75
92 195
95 122
133 167
88 46
81 179
149 119
19 199
189 177
84 46
38 131
130 58
149 69
101 25
120 75
30 22
59 119
34 101
9 130
58 159
135 176
83 77
161 178
186 51
145 83
58 186
112 66
85 96
115 34
66 74
199 2
106 84
145 147
161 197
33 58
110 184
122 28
74 108
39 40
27 155
72 29
73 44
70 96
34 168
85 7
36 81
101 40
110 121
51 88
72 188
191 178
2 14
116 159
166 131
39 181
152 112
95 166
46 118
97 36
84 24
7 91
133 157
42 180
55 149
59 50
77 26
65 133
193 45
17 7
128 102
51 32
149 126
9 175
96 112
91 113
111 43
149 194
5 28
69 53
95 69
18 37
78 177
142 115
23 55
171 187
82 156
54 15
150 112
107 38
155 185
3 24
139 105
117 174
133 81
135 13
148 193
99 143
105 54
5 66
185 16
84 124
159 197
70 61
157 77
169 13
144 12
5 118
99 197
134 191
22 15
168 50
145 174
135 92
82 50
16 184
86 11
69 134
47 194
79 182
26 107
159 131
162 11
164 111
15 30
153 155
119 125
180 165
62 80
165 78
162 72
46 34
175 50
45 29
143 94
7 111
33 9
2 143
48 140
170 72
194 149
53 180
53 135
3 139
83 40
6 102
129 60
94 129
59 83
136 22
113 94
49 48
27 132
36 198
84 1
107 57
102 87
112 180
40 33
17 130
138 79
38 121
125 2
97 175
44 30
33 48
48 112
28 121
195 122
23 35
188 102
25 103
68 94
124 74
123 52
78 93
102 121
121 177
100 41
161 7
39 5
2 166
131 53
150 163
52 66
87 15
145 125
162 13
121 9
37 131
39 132
51 184
43 97
131 171
123 6
102 138
73 20
6 37
115 47
128 64
12 55
42 121
87 95
3 171
99 119
94 83
77 21
129 64
58 197
196 104
11 193
110 168
105 56
133 1
50 49
66 102
70 62
91 195
189 184
157 89
185 128
124 158
179 82
192 61
62 37
19 115
196 63
90 196
131 163
121 69
22 8
16 61
160 7
22 45
150 183
68 191
146 69
3 39
