233 4243
tishzkbwblys
afkxiicgbfodkq
xxjbrmkkbxrulse
jhcckaticpkere
clegrtlcpbcin
vzuxhqupscfsj
bixmpmcprpkb
ytnxyvpsbtdxdandw
mcaqxyykesivna
daaagaxjzzugpxiwh
nueccxgifewtjcpvo
yniyuoaoiu
jprbosoeqqxhegu
kqdirlnbakcblvzae
wuiapijoemypzzsme
sxorqeqcdiz
ohsaecowadhtho
uurfuyreaam
cleclqfikbngd
pmzmupvkmjquxytun
qpiwzxlcmzukm
tisppdfgeapflcl
orijycjcehg
ayyqmkbrcyqaycm
pdfakuascr
ebstbaukktu
qpdbqehkgvu
owvwbifpgyawxebh
qwdpjazugrpaqz
bvyakqustjxuzcu
mxytnqgzlpkvpsn
cdxzcqfkuclkamdwv
stefdxtfqlbms
bncsumpiwcxumiypc
lstzsqztppl
ifqghrfpgcw
unietqdbwnftvhaig
zxziyygalxzh
jpiuwwaivrudu
vbzypgiphwepc
fileefyrilqzb
ysfqiwjkplcazxtp
pjvmppetumxoywq
ovzsyemplzmzw
fkjitcltwmbg
xbktjypmnlt
rbstjphlkqhr
cfplthsfqpzg
zutsxlvhtdrixd
axsacbaozevggf
bizmbyphiohujzo
untuanuyibsxg
efusycxpxkhtquioe
jfsugtuwjpfkr
vspwqxvsgexxa
bdxofywbrkkm
zgnrfspyowbew
aazpkjvgcfvdilt
pmsfxhcehsxw
eggxbdqbzeeufdwi
mqffybchljxs
fzxczxxshhdel
vlwntofsosahutrf
myzjdniinxctjfq
mceyjmzmjrccgka
znoxwuvoeph
mqsdvvcellhelhcok
klyeatovxqvcl
bwyvnurxozinfss
pktngngmnyhenamza
ollyvepgmqesjbn
llubeibbzxyzz
xwvedquksvwycpi
rmadexpfcegsu
bvuwhzpdjmtls
xfopmxnxvjf
qbipjfdixez
sisiyjpqdblx
gqekvwqfxnhzcabog
bkzriwdfzvqvmid
wejxuqszsfpazcztg
uazoioospwnewf
aurymnoeldhpef
kiyexzsgtf
qovangzxve
nxvpbvsohhuxg
fvpamtfeften
ncyvvfudpcb
nwxlyiwwweeuc
notzeirpob
rssrvdkciux
inwijrldqjahxf
zhpgamrdiah
dhfwgwqoga
ulrkrbfckm
enypxborwgmhqhd
cqrnwfjfcvzwglgs
homghkqoiloun
kmidxccffntkhzxjr
mahxndirwrz
lfxpegdxfy
wgumkrbbhvxbq
wkhagsdmuedx
ilnzwkwwijiaxkcy
sjpqfhckbvmvoeplm
daogekxioevddq
shbyigvgrz
qrqacrypfcyobx
suguihonsukaymrg
wkzwdcqrrft
ldtypalpviizwoa
oqhfcboggusyrqmj
knxzfvcsoqigzfruv
umpgkqzenjlgcgak
wwgphvnlqozh
ijpbirqfqia
aiivgxdsnapaq
bkufcobenlj
gdzflkqslom
fpiyeqtpdser
qnelensycaoickk
dfgoljxhgpbig
ozfmhlzgyhmqvga
tvxhssmytnn
vcnpwvfknmxdippwi
tdcrnjvwfcga
hudszwfohgrshv
qljjqnrlrmjjem
ddujkzscbgnaay
mfqfdtxkfgy
bndayphluh
cfohbtowkqgus
kpiiktcnjkmmddx
dbtjnntcwsijncme
bpnzefbubr
ypsanddllt
hgrowkhcothhugnap
mtirfhgpgwfjzmuvb
frqoyfmhrulayhkz
nyvptknvnn
astqfkksreazd
vbofvgdiaziglbf
ropdfzkvcpdoawr
gbomkpjdwjv
lcrayjpfwejcpa
gzxhyceflwcl
sglcknutbpuvroq
lxidyoxymmz
mwmblqxbtejay
uqawklyfnsouauob
cbxqvjwlxlt
txazpjayna
eaflxaumjougepczq
oxdlnemwjz
rqbvjgdblsbc
jkogefycyey
lnljharoeubisx
canazwmouufpg
eygvtqsvwlzf
biwmzszwdv
xuuiiwonhxoo
cyymhwbfewkmh
ciezlidjlqzyqrfok
ddtjwkyagwfxd
dslsnnedsny
puqjfbypeik
diyymvliwg
snzbmgwcpkehqdh
hrlnzoculkmcezt
bnsljnkyrmbjqkdwt
rhpkrblxxfgp
juisgfquiqzw
gjkxnizgfvimy
cuiqdffagweq
jinrlxmhtahpba
tuyteevuhvgw
hykwfpnspnvkqsbf
rmqvfjlrniysvqh
bmueaqwbbjd
fmrvfigkmojbfjkv
agolylcucwxi
jzmkccmezkp
iigllfhcldcrox
fpxyjmnfpvdc
swrprhayctdwhjdg
mifjbovcgbluuo
fpkrdhtufqxxjfmqy
gmtuqadelsfgsmqen
oauwmmiyadetqi
kpaoghxwwqtxbwaw
obfghlvqzwe
pelrwsafuj
qmrbrhrsphwt
vdscsrpiuxb
bomuyqphnnpea
nalrtgjumeasts
tgwtckhoxa
bnkpwmoligdprvb
nldoohnzotsvrxr
hrpexsvqmapdynh
exgpeyidoimullrp
moaaltjcljhvue
uwqtiwseplvpy
kgfzauejpci
rpcsrjrqdovnf
ndzguimojcchr
htsfqadokzfxm
ufueajaqbewf
hghfcdzvsurirdf
ciulzozzesfwabaj
ninwseyvtfqwn
xnghleeweaaqcpci
bjklohjagafxh
fsjgsxubhjgxm
crwinwqtrgfnwpz
ieusobtyoyd
uodezqrqygfhijxe
agkfillrfvih
jxyflrigywxfco
jiootsrzjpltfoizk
thqjshmlecn
pptqkzfcyvovjl
wsqvpehejz
oxhvnrnaurh
fseqtlgxthnn
fnptwenknifoo
bgijuajfbhwkjvwq
knnldqdsrgs
fwltcetvkiqaw
dnbhsfipqtns
alqxjtbnjsfpogbvm
eukdckadtjnyyl
qnxhliskmao
206 168
2 218
180 159
109 217
124 64
25 205
69 162
152 30
154 214
214 218
210 164
217 28
114 182
134 126
66 112
147 113
70 227
20 54
114 145
37 174
166 180
56 219
206 47
91 211
93 11
111 67
146 165
112 16
54 178
50 60
34 221
38 217
5 162
22 154
160 110
144 18
90 10
22 93
78 210
178 119
89 84
32 100
225 210
40 110
135 229
150 201
21 23
53 8
126 51
95 49
78 1
6 203
122 60
179 88
90 134
25 121
167 129
4 175
62 169
142 37
79 82
153 75
104 133
49 148
52 89
32 161
209 211
213 77
195 227
109 130
174 119
148 162
230 43
184 23
204 186
137 139
14 26
39 23
142 70
114 83
115 29
219 145
117 13
47 171
83 218
233 120
83 127
180 193
188 15
222 167
99 55
53 23
173 139
149 47
166 27
83 29
71 57
202 143
224 106
57 93
9 107
164 224
210 152
181 135
129 169
213 224
105 102
146 11
17 130
105 204
46 106
28 165
112 10
60 135
124 80
41 7
182 205
148 3
195 147
190 15
120 17
128 108
102 177
96 212
13 56
94 183
116 123
135 125
17 129
207 13
201 2
94 118
102 209
99 208
171 131
135 29
86 63
136 119
15 137
225 201
40 37
4 32
62 125
123 151
80 133
213 157
182 156
8 24
217 6
111 184
175 100
54 116
128 167
56 29
36 152
35 203
93 99
96 203
216 55
61 73
122 187
224 37
89 65
214 117
165 25
178 161
74 214
24 5
127 116
226 83
222 180
91 64
113 79
42 43
44 19
38 167
229 86
172 201
102 210
207 192
146 27
138 73
76 185
121 201
217 161
85 63
84 16
51 73
190 136
25 149
197 92
220 69
38 233
196 92
135 203
149 225
81 107
68 71
155 143
63 176
215 64
99 148
22 125
218 203
20 97
119 117
206 83
223 11
164 157
127 30
207 83
7 223
59 42
206 182
201 110
73 78
225 184
96 2
87 223
176 62
31 105
187 58
155 197
140 54
104 76
60 15
127 182
23 86
62 150
89 160
226 41
209 37
142 167
177 131
84 82
80 218
3 112
63 37
160 134
139 71
229 154
85 204
170 164
130 51
230 212
53 14
190 76
214 180
10 37
185 177
24 229
226 105
33 108
92 128
67 77
3 130
70 85
90 99
8 76
10 42
57 32
136 215
227 230
34 229
52 171
57 42
228 178
10 189
225 19
120 133
45 114
113 224
110 196
80 200
115 165
118 210
84 171
42 221
71 38
44 78
52 78
220 86
107 229
112 147
123 82
221 149
83 92
114 62
107 194
16 48
20 49
30 156
197 138
15 129
104 61
164 4
169 232
55 60
174 186
171 203
83 214
108 223
117 228
217 138
164 179
231 96
181 179
230 113
224 191
113 205
197 61
99 25
82 126
206 25
229 84
68 226
52 7
81 19
196 176
15 170
21 188
117 191
155 152
206 100
63 50
226 98
42 197
153 78
30 128
219 145
156 183
185 49
51 190
77 80
63 77
146 168
176 179
134 11
72 95
40 81
202 167
140 154
13 98
56 227
111 223
69 1
202 97
57 114
227 160
179 79
15 188
83 65
218 193
90 166
135 185
65 223
83 226
186 88
225 80
181 180
88 182
53 221
183 168
82 86
166 121
16 58
16 194
177 19
19 110
221 192
204 225
179 88
96 155
84 213
6 61
167 25
175 126
107 15
123 127
113 214
172 67
227 232
106 32
103 158
114 201
32 121
29 151
125 48
167 115
95 111
199 133
94 26
74 78
86 192
233 226
149 112
13 159
122 194
54 11
63 163
16 213
180 80
95 212
195 169
198 112
106 43
56 24
19 192
168 63
21 139
70 230
87 14
78 119
30 111
171 233
125 209
155 225
109 160
104 186
225 35
212 89
88 79
72 38
155 226
4 145
146 190
213 110
208 78
171 104
7 18
195 16
33 169
41 115
28 168
48 75
58 209
129 205
200 230
112 31
157 7
114 95
106 56
52 152
34 10
225 160
91 233
24 58
117 81
98 105
180 88
48 195
35 6
21 96
172 197
173 179
64 168
206 2
72 83
37 106
119 180
185 127
209 80
229 23
125 208
145 124
74 128
187 89
123 17
134 37
95 169
191 41
117 105
2 232
56 205
41 208
223 8
185 168
97 3
156 84
218 31
128 35
195 80
168 71
98 98
99 122
179 174
37 170
137 127
117 109
155 182
114 148
152 153
103 4
224 72
123 158
221 155
114 4
131 61
59 125
227 63
182 130
73 94
106 29
33 76
226 6
222 70
65 103
19 70
152 133
31 146
215 24
214 170
21 141
193 180
128 42
69 108
115 65
47 229
110 55
136 57
55 159
164 172
33 55
10 101
100 2
220 199
213 228
58 56
79 126
58 52
194 99
56 39
116 154
5 36
169 219
114 149
77 150
192 74
81 203
70 97
95 211
197 25
70 36
77 214
173 126
8 107
89 48
197 96
145 217
70 202
226 18
190 114
142 165
91 37
206 34
215 28
177 48
105 182
131 55
32 180
49 179
15 177
192 32
142 91
114 150
160 31
81 116
55 22
199 122
16 149
157 27
232 51
176 65
98 107
24 10
127 217
57 134
159 188
127 50
194 28
205 100
99 141
215 98
207 127
106 185
92 187
13 25
107 165
87 165
118 220
219 184
75 128
73 107
220 230
233 201
167 21
156 213
78 17
217 194
191 160
159 150
63 128
166 126
71 173
166 197
48 10
29 207
172 138
8 56
148 207
182 18
232 202
30 222
68 53
175 53
91 117
214 227
62 137
84 91
150 93
186 147
209 228
18 15
106 35
31 68
76 108
88 159
180 23
35 197
188 9
122 92
101 173
29 224
103 210
134 197
164 231
84 24
169 17
158 199
42 18
215 210
104 58
69 23
63 53
108 2
27 172
139 208
28 177
32 160
186 77
189 205
189 44
146 64
112 48
117 63
152 18
37 83
21 229
39 92
169 216
177 193
200 96
47 191
156 7
186 39
131 74
89 224
132 10
173 71
28 70
54 170
204 222
67 160
8 148
113 32
94 13
228 190
57 176
82 52
172 87
180 120
109 209
168 188
192 43
204 68
19 21
165 184
44 153
196 21
135 165
9 65
94 154
158 105
153 38
94 87
135 121
38 149
216 179
37 99
205 84
164 82
75 30
48 96
218 232
194 123
56 94
106 142
136 164
210 135
213 26
45 130
41 177
9 105
23 134
173 21
35 217
12 60
41 45
56 53
58 21
69 208
43 178
50 155
82 194
184 35
147 166
78 174
204 35
122 233
108 175
28 81
214 17
167 74
66 96
210 29
22 134
135 63
139 89
97 33
114 115
14 204
175 124
214 55
205 223
200 142
58 3
91 198
171 108
62 163
99 10
6 231
144 105
9 94
100 86
84 93
98 221
66 89
75 73
164 20
42 162
148 188
96 108
20 188
76 43
192 224
49 3
78 225
155 55
170 82
66 180
59 81
43 35
214 108
59 116
221 22
57 186
195 41
29 195
128 168
134 34
178 108
21 101
95 104
115 121
138 12
232 224
230 192
27 195
181 119
96 179
99 39
228 158
72 15
72 206
222 180
140 9
124 173
12 83
19 99
140 26
139 111
128 220
4 131
73 232
174 188
54 191
75 220
101 57
154 170
124 7
36 97
19 107
60 40
100 70
140 103
41 50
209 200
208 82
118 222
84 30
8 15
144 190
195 217
75 20
41 58
180 4
53 82
165 78
134 208
133 101
71 173
22 47
185 57
18 184
62 110
28 11
27 97
64 9
118 59
150 163
190 71
21 184
3 93
100 34
19 83
184 25
92 54
143 178
174 177
203 233
52 64
221 108
148 24
51 172
117 101
42 121
183 128
200 161
73 194
19 11
142 84
156 27
133 223
90 56
100 172
138 179
150 145
184 103
144 194
47 42
86 181
26 9
49 34
170 51
215 14
167 68
233 206
60 28
19 23
196 42
188 58
27 104
164 162
80 62
28 147
156 76
10 192
109 183
210 165
178 88
161 62
5 26
30 48
226 1
74 172
46 80
67 112
11 185
113 96
230 42
2 222
200 210
191 78
40 132
25 102
209 228
221 102
132 3
183 202
229 115
186 68
58 117
151 219
170 224
213 159
216 81
5 212
225 195
209 9
20 153
15 129
127 208
144 27
158 105
22 16
157 71
7 37
65 230
46 86
140 163
218 46
7 31
51 205
222 168
152 185
5 72
29 6
164 121
182 7
57 3
153 174
52 34
137 160
116 70
6 51
13 130
208 205
166 189
201 96
63 131
76 68
210 176
21 220
195 172
14 156
147 114
180 124
92 96
184 124
181 48
174 156
10 185
118 42
75 140
73 145
214 196
94 86
17 225
1 29
163 107
220 220
103 224
115 47
104 55
18 102
214 122
48 156
10 22
72 18
63 3
148 37
190 5
124 197
91 181
63 189
211 4
24 202
220 78
37 210
199 9
162 35
10 110
97 190
132 4
123 230
3 129
70 23
204 28
137 149
217 90
11 63
127 7
77 149
193 132
84 111
157 78
214 118
231 104
5 163
189 143
208 63
14 129
225 14
111 12
196 166
219 192
161 57
151 125
55 18
110 144
59 171
153 7
224 39
79 91
53 97
83 223
128 46
31 40
94 118
21 154
133 189
43 92
43 57
131 101
118 213
225 144
68 31
16 212
185 193
14 217
135 131
125 138
229 114
13 91
65 81
57 83
56 192
20 17
187 98
211 52
58 181
75 214
185 158
191 61
186 173
2 158
108 77
218 228
36 215
220 223
81 192
97 122
225 58
88 19
71 134
95 72
60 185
221 154
75 186
84 201
219 160
180 108
168 83
18 188
222 123
87 71
198 120
92 49
232 132
79 182
29 32
28 221
215 72
172 66
175 124
16 9
39 108
143 123
199 173
29 145
101 207
148 42
151 167
152 46
119 85
16 225
142 51
169 210
173 156
173 177
37 166
156 109
19 174
95 181
185 94
90 14
191 174
190 68
189 174
100 49
168 42
16 188
44 88
120 2
210 58
169 207
11 213
179 137
22 142
135 56
150 38
24 80
94 18
123 116
107 79
47 145
72 110
59 47
165 104
218 130
84 164
172 174
2 17
98 29
31 167
199 197
168 119
224 214
16 86
188 54
125 139
37 35
224 133
214 48
86 154
125 94
46 83
122 118
230 96
115 15
104 4
100 154
6 76
17 96
22 58
110 161
25 80
168 69
117 114
183 165
205 187
209 39
79 151
93 32
56 49
230 94
127 114
27 18
74 56
38 187
1 233
187 124
118 147
145 221
14 227
89 190
227 208
76 36
181 102
70 123
233 84
196 99
181 42
104 118
142 188
213 215
33 172
179 39
105 7
34 38
180 97
139 1
160 11
176 50
55 191
70 73
191 105
187 63
19 88
64 195
97 218
57 67
20 22
189 172
29 204
231 18
82 141
52 197
15 154
127 71
3 106
197 113
178 188
62 82
190 218
49 208
99 87
39 139
199 206
110 109
204 224
178 6
39 172
36 35
41 102
175 172
23 72
135 188
7 11
118 5
129 74
17 138
24 138
83 115
15 131
102 161
183 179
83 115
179 165
65 219
216 125
14 229
118 168
162 218
87 69
27 87
55 161
113 142
43 100
110 88
155 207
59 124
204 112
90 143
15 186
159 75
20 81
176 4
228 75
165 52
139 184
138 135
21 76
226 209
221 230
18 51
214 36
84 151
11 68
111 197
171 125
138 25
201 30
67 178
58 79
27 70
224 49
95 43
15 30
150 11
83 120
183 174
69 106
7 43
19 149
108 50
176 52
114 114
47 65
211 65
222 60
200 115
217 154
120 199
14 229
100 129
13 217
176 125
28 83
133 124
196 17
156 103
224 165
173 151
30 193
102 189
113 161
167 233
212 46
186 87
53 98
7 101
213 47
196 176
203 103
95 48
164 50
19 45
178 97
199 133
104 175
227 180
93 25
9 201
76 87
102 5
110 136
220 116
192 8
201 198
74 150
20 88
46 132
56 200
219 63
149 37
7 145
79 43
95 127
122 229
32 74
44 126
135 233
111 42
6 120
140 57
121 185
215 14
42 9
145 212
203 81
161 206
99 22
117 58
152 167
109 89
21 74
159 223
168 96
103 209
125 119
135 183
52 31
215 193
194 113
71 117
150 13
99 200
105 73
51 16
45 90
71 73
225 105
122 41
129 4
128 101
213 137
69 104
25 177
140 82
91 206
61 133
55 43
36 182
10 11
101 27
221 36
97 222
38 198
204 37
189 87
158 224
39 142
49 110
9 133
115 160
124 71
228 231
53 137
185 27
43 155
117 85
79 215
35 181
106 45
222 37
207 59
162 164
216 3
21 5
167 215
10 162
139 36
52 21
149 219
133 49
185 44
64 68
6 138
59 8
65 47
32 29
153 156
154 137
147 169
17 97
230 20
225 87
76 33
131 214
183 32
133 113
93 94
72 182
181 50
168 87
214 200
25 163
140 158
5 213
136 33
158 149
61 35
143 26
154 231
190 153
47 16
27 124
96 26
146 181
41 60
53 42
97 16
207 112
107 155
176 91
212 20
3 171
70 211
97 43
23 79
135 129
58 72
72 19
11 197
55 127
71 113
100 4
209 16
176 68
23 34
92 172
47 9
12 203
145 11
124 140
9 228
90 165
217 138
175 16
144 89
66 138
7 27
13 208
201 137
165 97
169 170
94 208
21 97
216 170
152 96
81 32
166 204
176 30
82 85
181 70
108 227
63 47
39 9
183 139
201 82
2 224
184 123
195 2
221 144
4 15
209 193
190 54
118 152
57 81
79 100
205 60
155 197
82 139
164 100
126 16
61 82
123 119
164 43
89 46
22 94
198 196
229 19
193 172
23 79
150 155
98 206
227 91
1 9
120 91
142 216
230 49
179 193
114 133
85 49
172 128
54 86
33 68
97 175
89 171
149 231
200 192
44 202
183 178
137 84
123 115
146 117
110 172
46 64
14 179
225 51
5 140
7 222
145 108
205 32
106 232
67 212
98 109
208 185
195 151
97 162
88 145
38 7
74 162
114 160
229 223
211 63
116 98
116 83
56 110
12 232
212 144
131 161
152 153
146 209
86 74
168 122
15 65
95 220
89 189
221 143
126 50
68 118
6 108
128 146
191 110
144 98
199 105
65 193
142 211
64 162
204 64
16 15
95 104
79 60
62 21
26 188
209 40
42 2
24 226
41 217
4 40
74 168
138 131
219 44
172 54
12 136
229 116
81 189
114 127
88 114
85 50
204 8
13 51
165 136
88 70
23 192
76 7
25 86
83 184
137 79
10 48
197 108
126 110
192 47
228 6
171 23
63 119
54 80
232 130
207 189
208 147
73 36
170 213
139 89
155 224
64 15
87 135
1 65
97 113
165 166
170 162
13 9
181 232
94 215
84 151
192 12
226 76
180 13
155 119
182 45
114 48
24 89
63 102
78 172
228 162
33 56
49 136
151 217
56 157
188 113
225 7
225 171
119 52
151 174
136 24
3 221
48 230
14 92
7 31
7 113
2 187
155 83
69 70
204 208
26 121
224 212
46 218
60 104
83 90
184 70
128 2
179 113
170 63
177 53
31 97
155 14
74 121
182 96
156 233
63 48
47 193
52 183
227 148
11 181
146 170
25 175
28 203
205 101
166 123
131 164
144 77
172 170
66 148
92 101
201 195
155 80
141 193
229 76
35 139
111 194
44 136
79 81
14 183
1 31
161 63
127 103
200 15
197 15
154 7
29 70
94 49
147 28
132 179
13 184
201 125
78 44
195 109
112 8
128 98
146 98
115 86
204 146
199 37
145 220
50 201
163 155
138 64
156 216
157 53
114 137
108 75
112 216
173 217
85 118
157 159
128 4
172 134
94 173
123 130
232 155
81 195
9 5
20 180
190 177
194 68
43 52
125 95
31 70
20 96
150 184
149 82
64 91
187 51
148 200
52 219
34 174
66 101
186 85
68 232
45 83
48 204
27 49
129 213
30 111
227 109
11 91
30 197
148 125
187 49
65 112
121 88
30 198
88 57
113 27
227 180
54 31
82 113
51 184
22 49
171 166
117 79
121 137
189 230
3 226
23 174
148 5
115 72
47 180
109 197
228 145
69 225
7 217
33 60
17 74
29 27
210 225
228 31
120 93
91 10
197 131
58 20
8 52
80 215
178 146
138 109
101 207
143 97
137 126
178 29
52 24
81 110
56 116
162 166
26 167
97 100
216 65
206 24
93 173
82 232
142 16
24 85
61 144
28 44
61 25
128 156
52 30
132 14
20 14
19 120
119 194
109 113
43 147
125 45
190 114
181 142
163 130
101 147
18 11
62 232
189 1
190 219
194 151
81 41
191 231
18 175
131 56
232 104
191 30
219 144
154 108
162 173
86 210
154 227
210 65
57 179
224 91
189 224
146 23
22 61
65 31
207 230
212 12
181 199
93 161
70 2
93 224
67 47
7 226
94 144
163 53
6 225
154 165
35 121
15 69
123 126
205 228
100 177
91 222
41 215
198 148
79 110
190 183
47 34
27 69
96 20
7 161
173 48
11 23
33 9
170 74
66 211
117 13
218 187
57 41
40 207
150 189
182 49
192 192
49 41
46 227
66 128
117 36
162 97
164 96
27 2
7 50
215 75
228 102
43 151
60 37
6 10
184 103
223 94
29 68
190 42
115 46
92 155
14 202
215 123
29 203
78 87
91 16
223 117
135 41
207 45
11 203
219 185
3 190
163 172
118 13
203 26
87 180
44 67
43 212
39 13
34 170
119 160
78 5
209 122
86 6
111 65
184 227
19 164
124 86
213 28
36 58
64 30
119 34
217 214
56 97
134 201
120 76
184 227
185 205
71 67
83 148
135 203
156 207
221 127
193 19
11 128
92 89
117 210
68 148
172 27
214 58
196 65
61 35
158 27
86 44
192 137
180 141
42 56
134 60
154 197
118 146
36 213
228 155
89 128
69 192
184 154
119 184
64 133
50 11
187 95
179 11
11 200
121 176
175 202
151 30
63 107
112 180
175 20
107 88
102 55
117 129
200 80
1 63
78 194
19 139
72 56
47 57
74 184
174 58
222 49
210 9
159 102
157 117
214 18
130 1
21 145
26 138
104 143
124 233
66 119
148 97
101 36
74 122
231 159
69 209
216 162
130 54
197 160
230 137
222 71
9 166
38 46
86 124
26 63
153 228
194 103
34 85
190 152
97 82
2 153
30 30
33 84
102 40
161 218
226 121
16 48
165 166
93 4
178 204
155 229
81 111
67 35
73 16
112 37
167 163
130 194
49 127
5 43
206 36
72 187
136 140
187 14
156 180
54 70
224 193
160 138
158 185
194 211
2 54
233 114
13 32
111 147
7 129
132 176
191 21
82 11
119 87
197 31
137 52
85 147
125 65
186 152
188 4
224 194
98 43
147 34
38 119
145 27
41 132
174 45
155 205
148 232
52 16
89 203
99 82
42 156
201 32
33 174
175 12
94 81
166 87
150 100
123 15
27 7
145 69
79 161
47 89
111 224
220 91
127 28
38 122
123 96
106 76
73 36
25 40
143 151
10 7
126 58
128 224
74 96
63 193
108 135
167 232
88 68
159 194
110 56
193 14
209 200
199 181
24 109
109 11
223 107
75 64
9 188
76 15
94 56
65 179
204 110
118 22
140 205
40 75
160 15
77 69
43 185
85 197
36 40
151 129
231 38
119 101
56 6
30 116
170 36
170 143
53 166
1 69
108 34
109 230
189 215
227 188
99 73
227 125
160 157
175 24
149 2
48 112
156 92
179 206
127 214
29 75
111 93
206 4
15 232
145 185
180 129
67 214
76 8
146 150
146 76
48 11
214 174
43 17
139 159
191 44
100 32
172 228
21 136
21 56
185 52
32 81
3 7
134 223
172 230
91 75
54 121
85 131
11 59
99 173
177 6
30 131
174 69
194 30
233 113
92 115
213 77
175 225
132 76
26 12
58 15
135 125
41 85
106 13
109 101
10 208
163 28
177 62
188 226
21 65
35 215
64 17
188 169
183 75
154 127
13 39
116 39
108 8
56 5
193 167
127 112
40 165
113 133
117 73
21 74
168 67
7 232
21 58
140 31
12 56
98 231
131 28
41 221
85 58
225 126
41 160
155 55
49 233
119 140
41 214
221 17
175 106
63 156
211 36
9 185
124 43
106 149
3 126
169 136
18 206
3 188
170 53
167 180
94 94
24 26
224 103
132 194
230 195
191 10
216 171
61 103
227 1
13 103
14 216
232 222
199 163
86 172
216 193
171 155
10 101
219 94
172 91
7 6
152 132
54 74
192 42
48 20
84 174
206 152
9 86
24 49
82 58
228 140
39 47
211 56
101 110
58 227
123 232
148 115
220 90
31 52
104 174
49 38
191 58
168 204
54 99
180 177
123 229
142 167
178 74
87 83
226 3
47 232
171 174
190 24
27 34
9 106
85 81
150 125
70 142
2 122
33 214
37 145
183 41
188 180
148 75
155 121
81 17
154 155
84 191
48 109
65 25
8 75
168 107
50 162
129 107
24 95
1 133
217 121
26 224
56 23
32 55
217 86
192 115
113 227
21 132
225 180
211 95
232 130
158 203
10 136
31 141
212 171
125 50
13 215
188 171
192 45
60 179
200 43
193 206
148 199
189 7
232 18
110 80
224 101
126 224
66 107
101 64
126 95
65 65
36 195
122 231
211 7
221 167
193 36
21 193
207 217
21 129
66 202
151 129
158 1
65 197
178 26
14 160
205 52
221 17
107 103
10 221
69 158
85 34
218 222
85 95
73 160
115 130
131 48
25 207
136 205
99 128
174 161
140 9
83 57
189 218
150 31
148 188
227 77
132 98
88 147
198 173
202 137
60 87
66 98
28 2
79 228
76 171
1 33
128 145
74 1
42 120
93 54
187 88
222 232
155 209
55 65
28 40
118 146
82 122
212 216
62 106
169 69
145 217
94 114
100 161
214 34
147 14
204 127
160 212
48 64
102 103
59 34
169 161
192 104
4 15
70 201
22 168
50 76
7 207
75 78
123 15
181 12
102 178
162 127
232 26
144 37
173 105
87 95
185 89
55 120
59 88
161 82
194 127
55 219
143 106
48 163
174 221
199 158
203 191
73 183
155 213
80 123
42 216
134 117
118 224
91 215
198 122
211 2
184 2
153 32
93 26
39 85
153 161
163 212
13 231
75 69
72 232
169 229
184 218
122 70
40 98
100 170
192 17
166 199
134 46
20 148
87 41
90 32
15 189
230 168
216 14
153 170
126 192
203 58
225 74
46 207
190 51
186 101
23 74
48 115
132 220
137 55
215 34
152 132
168 102
25 45
199 55
70 98
56 162
64 225
231 123
138 80
106 39
33 69
37 173
110 54
14 116
47 26
160 187
71 233
84 75
218 57
75 115
64 58
177 34
67 53
115 22
222 34
72 129
17 152
185 179
201 71
118 174
161 220
44 13
186 25
43 20
30 117
93 97
105 113
185 183
122 121
61 64
178 24
99 18
188 205
149 172
163 120
52 8
131 129
75 21
171 208
224 44
98 40
58 119
61 90
199 202
8 60
166 4
131 5
1 119
77 32
200 187
101 2
169 89
163 228
112 205
171 221
131 205
36 79
227 3
172 118
225 12
49 44
69 162
125 162
124 229
47 58
15 152
233 141
225 60
63 99
207 177
175 20
174 68
153 18
74 114
226 188
193 110
181 68
203 53
16 18
48 168
84 91
159 130
113 104
100 105
87 52
34 226
17 231
6 200
201 151
195 28
144 117
216 32
103 199
23 39
164 70
28 87
160 7
205 97
35 70
224 180
231 112
192 189
17 193
65 31
185 182
148 57
220 65
159 189
66 24
57 99
45 113
102 179
143 178
184 67
105 68
212 202
56 119
31 228
157 200
59 232
36 145
198 139
32 89
208 88
212 139
228 90
167 86
180 202
132 28
213 123
218 11
2 175
120 119
64 3
114 153
229 71
77 4
129 184
52 48
146 51
56 94
21 46
5 169
118 186
32 37
125 188
25 46
111 109
61 205
218 138
26 146
3 183
208 31
11 51
5 182
34 233
109 37
141 225
102 78
155 19
211 12
158 33
93 209
214 217
52 138
162 231
147 161
142 49
99 63
19 188
129 161
165 23
41 173
113 59
202 60
148 168
57 154
81 181
134 163
202 42
157 97
168 142
170 147
190 3
210 15
15 86
117 42
109 106
218 203
39 2
31 140
60 231
73 204
77 159
131 151
23 49
43 113
49 121
191 114
83 89
53 76
196 22
111 33
50 216
82 11
147 72
181 190
142 49
183 19
148 173
3 7
150 35
107 195
105 63
207 79
98 55
172 7
13 190
30 129
91 109
47 93
224 48
17 24
169 102
114 175
70 68
54 141
61 145
26 123
166 70
216 164
132 136
144 146
9 156
198 152
184 233
172 92
231 182
86 168
105 37
120 161
122 114
43 176
48 77
144 141
150 30
89 16
98 214
129 62
188 95
28 222
228 146
165 19
57 127
181 108
28 85
158 18
81 143
16 123
151 175
9 219
201 99
41 146
86 230
215 131
5 142
230 146
185 214
145 103
57 8
99 116
7 77
226 81
233 105
143 147
13 148
232 188
225 47
17 66
90 36
105 78
44 31
165 175
82 141
120 47
48 27
169 127
1 38
225 184
29 29
225 113
58 78
1 181
72 145
69 193
50 132
124 147
75 173
98 70
142 108
145 166
198 141
142 189
179 40
152 193
140 169
97 210
65 3
185 51
15 66
93 95
10 148
98 43
66 30
188 65
88 208
48 153
213 9
37 40
183 121
42 147
229 227
101 64
226 125
227 230
152 192
19 143
119 12
172 221
127 233
113 202
200 172
104 62
49 30
147 197
178 75
232 4
73 67
212 137
11 73
163 11
136 201
174 169
87 70
156 32
231 218
17 158
133 85
100 7
154 80
96 123
46 118
225 93
203 27
174 65
100 21
214 84
46 50
88 39
92 37
56 187
81 62
110 229
190 89
228 151
135 106
147 228
171 34
5 129
211 21
32 37
169 232
81 3
230 161
22 70
32 197
197 81
165 124
126 58
105 36
8 33
4 184
20 91
205 174
18 54
210 106
213 166
30 83
67 191
144 36
126 18
29 201
156 230
223 166
203 135
57 164
86 176
33 186
88 18
69 223
41 8
109 109
128 27
192 79
177 89
18 125
76 178
52 217
103 149
55 12
157 164
112 62
3 226
65 186
103 72
37 185
135 73
100 83
186 20
20 207
197 76
223 19
47 151
187 209
15 8
208 214
2 162
203 25
17 122
156 217
15 126
30 30
202 101
165 78
119 82
154 56
1 173
103 49
143 114
87 41
166 127
141 43
144 131
139 55
85 48
212 161
37 42
111 219
123 30
166 132
216 218
132 39
207 80
63 148
46 165
189 155
188 176
162 37
95 176
147 26
214 224
41 136
170 69
115 67
52 13
219 184
167 195
113 68
87 7
4 140
73 176
118 210
147 175
100 175
50 182
224 209
231 151
20 199
215 103
91 153
156 57
44 209
47 116
49 4
192 35
64 18
102 128
168 57
215 210
29 26
142 161
95 229
158 177
181 221
205 140
203 174
95 84
214 159
163 74
169 113
198 207
20 10
228 132
203 17
204 81
210 142
180 27
221 115
94 88
169 182
79 95
134 128
23 104
107 232
66 184
171 205
202 112
168 195
136 68
34 205
219 13
210 138
133 57
177 3
197 62
212 215
13 211
105 49
99 217
39 106
154 136
230 30
115 24
185 86
189 215
20 189
117 107
9 112
34 195
89 198
174 47
184 93
42 231
43 168
28 106
153 67
199 6
127 71
17 177
152 74
111 33
109 74
172 34
82 87
4 202
135 101
57 198
64 130
100 221
222 165
66 225
194 218
151 113
183 190
33 205
197 180
124 156
84 22
177 161
89 19
208 195
15 232
233 145
143 60
192 134
142 217
9 128
14 212
191 12
73 190
99 13
197 167
35 111
134 83
132 31
70 217
172 15
193 121
95 79
116 218
159 195
142 196
169 25
7 193
111 83
91 128
192 231
195 4
115 178
91 151
185 217
177 68
215 159
113 17
128 4
190 56
66 216
137 119
79 205
214 59
98 159
107 183
196 218
128 215
92 27
40 104
8 70
209 87
24 112
45 119
23 138
122 60
177 164
175 12
226 169
42 57
157 224
186 233
49 108
78 32
113 18
104 78
83 151
200 86
36 196
166 31
218 134
59 198
156 231
84 160
162 25
163 195
89 193
100 213
211 79
225 227
181 8
34 68
39 194
35 69
104 173
32 222
176 228
185 163
104 150
209 173
98 133
124 185
37 179
137 78
149 3
205 204
91 91
147 9
182 108
205 42
54 114
120 163
79 146
173 44
204 178
21 79
143 1
102 111
145 99
127 172
27 116
103 142
65 74
226 46
143 137
106 114
85 213
209 229
134 199
84 55
76 60
180 18
232 94
79 35
28 156
122 91
215 119
48 233
141 179
145 68
39 200
84 104
26 44
9 59
142 192
117 172
186 73
216 46
32 3
209 108
232 86
112 157
77 138
124 30
166 94
188 141
38 123
179 215
192 93
157 59
190 113
85 28
20 135
193 177
204 89
48 180
188 191
204 209
119 123
105 119
32 121
173 135
103 77
26 135
140 199
17 194
24 204
79 105
97 103
228 29
91 102
189 148
80 215
6 203
7 114
67 111
158 190
122 51
107 104
138 210
224 70
166 86
179 108
164 167
75 12
117 3
154 164
149 33
111 95
35 72
225 196
6 144
92 171
136 208
155 93
50 204
10 63
150 232
163 132
68 15
66 7
192 49
221 224
38 62
175 32
25 15
19 121
94 104
167 84
87 184
2 76
103 20
64 201
40 6
41 115
187 172
224 53
91 229
213 141
113 48
117 95
194 103
210 152
200 23
161 161
37 174
131 177
49 141
171 226
57 206
182 221
155 63
53 46
223 179
223 168
229 154
69 102
184 199
158 5
208 29
11 104
116 18
104 42
161 105
21 195
228 107
226 134
159 130
196 118
119 23
177 212
83 92
114 162
62 141
64 148
198 144
193 215
115 218
96 91
71 99
169 24
22 207
124 63
34 97
26 132
160 81
76 86
176 14
116 67
4 38
89 44
42 232
233 225
47 11
54 18
119 62
136 35
84 170
207 200
184 157
221 91
135 130
214 183
81 216
172 85
5 88
52 37
124 58
10 94
16 106
161 69
179 42
26 59
19 4
147 12
5 176
141 19
20 209
199 84
181 21
118 196
30 97
120 12
233 87
65 116
136 37
88 56
94 205
218 91
79 127
102 155
166 30
223 122
171 216
197 158
9 1
186 47
98 209
84 90
99 95
29 20
25 79
193 78
40 4
191 64
220 58
214 87
194 122
43 12
40 180
153 202
61 34
217 142
78 207
27 157
141 16
45 80
61 104
188 33
133 224
56 112
188 104
142 87
220 160
174 210
77 227
169 113
213 51
74 122
176 20
222 171
59 69
69 128
81 46
168 198
203 62
128 136
207 85
104 92
101 89
113 28
88 94
218 154
18 139
101 43
183 13
161 116
63 43
32 127
214 132
4 44
119 159
226 186
116 88
61 145
221 56
118 92
148 207
91 114
198 119
136 9
16 16
133 210
143 90
131 151
53 195
122 132
181 158
102 224
183 79
51 73
137 141
63 207
188 92
124 218
119 157
104 64
84 130
107 170
121 179
87 180
132 33
160 34
124 23
82 164
30 202
125 120
116 11
30 218
20 103
191 194
118 162
21 120
216 112
140 48
34 13
88 175
5 15
141 116
49 207
51 194
111 172
163 37
11 161
120 39
138 186
72 119
214 102
153 132
61 92
100 230
188 35
118 134
201 35
26 60
41 22
42 38
134 69
97 12
17 20
51 114
120 159
89 13
98 199
69 156
12 58
142 201
212 215
215 188
35 184
140 89
5 8
23 18
189 223
217 101
93 95
181 137
135 7
119 191
152 92
202 121
183 176
95 233
103 228
4 221
147 115
68 150
51 25
174 197
226 190
123 167
78 68
166 104
71 148
165 89
231 150
70 109
66 95
43 136
70 8
190 33
210 44
194 14
34 115
107 56
203 113
12 116
184 18
150 134
137 54
119 136
106 80
90 43
55 6
108 171
213 215
90 7
190 41
148 133
16 65
208 213
220 131
88 66
184 2
159 125
52 60
145 51
87 169
38 169
138 190
195 205
122 204
190 127
183 203
154 61
156 173
77 25
2 168
53 124
169 206
97 174
112 230
7 176
211 171
37 230
95 211
165 103
154 52
204 60
195 180
146 110
134 228
142 106
220 79
216 57
204 128
147 123
87 152
121 165
201 19
48 4
51 111
169 90
189 161
158 189
129 191
71 228
208 37
8 183
35 189
50 147
135 164
170 71
55 207
169 138
85 165
111 228
164 42
50 54
107 44
56 72
77 86
232 99
8 178
134 12
192 144
133 203
164 175
113 202
221 219
101 71
228 93
3 211
155 97
159 227
193 16
208 58
21 132
13 231
89 24
204 151
229 29
147 164
126 62
134 181
38 46
171 91
72 103
68 23
106 59
128 182
9 50
13 4
45 133
155 118
219 35
111 222
140 185
164 128
41 133
123 182
218 109
24 123
18 201
70 123
188 33
3 32
165 39
154 161
196 120
145 49
14 223
71 54
69 49
227 185
132 223
191 54
86 104
157 39
60 114
171 51
166 196
124 132
128 135
34 197
233 9
126 72
210 10
215 66
29 46
16 99
170 169
42 71
41 233
105 173
43 5
181 167
177 115
102 224
232 173
104 110
2 66
185 180
138 180
132 86
126 98
175 93
45 197
166 193
54 52
167 54
63 175
141 180
21 12
29 150
151 168
67 205
75 204
216 96
208 28
126 66
46 124
134 102
115 34
33 207
137 69
185 157
176 180
16 91
55 27
89 4
169 168
92 232
231 11
19 171
218 42
140 137
196 66
83 27
23 137
158 90
129 145
47 214
208 144
52 94
54 23
150 177
99 143
93 5
38 52
128 164
173 49
183 172
168 134
125 183
116 207
22 141
102 35
172 27
118 187
164 112
227 66
29 38
213 39
62 7
110 154
213 207
194 186
117 203
183 222
13 104
211 123
158 65
88 45
74 159
144 158
230 85
52 32
202 202
128 129
138 227
204 63
136 232
178 13
174 221
223 209
59 84
142 32
213 130
31 71
82 100
204 103
211 215
189 205
92 15
207 32
71 129
119 176
23 37
84 59
213 161
110 224
38 16
211 51
79 172
96 173
176 222
178 38
16 52
28 87
170 211
13 85
161 168
230 161
183 152
133 23
204 192
205 140
12 67
157 46
28 116
214 118
181 55
203 188
83 143
227 75
113 220
159 72
9 27
105 64
96 144
28 32
45 117
139 59
8 82
109 162
174 184
34 132
22 107
135 201
1 158
175 169
127 88
199 176
150 107
143 209
80 202
15 169
17 230
106 75
160 209
22 214
44 109
144 50
191 76
151 43
212 42
44 93
184 66
204 36
93 72
146 181
161 192
147 211
176 223
139 33
40 134
191 163
95 119
93 20
72 4
145 182
43 148
150 201
24 39
31 92
163 97
171 125
136 209
194 83
166 153
32 223
130 62
152 152
140 169
22 175
139 153
147 208
85 156
175 109
177 136
110 15
46 167
135 63
175 190
88 200
114 123
217 1
112 2
195 215
13 158
26 27
214 159
221 42
171 204
181 164
70 1
76 26
120 30
117 168
167 197
121 30
50 211
16 74
121 170
63 130
211 232
112 172
44 145
157 26
68 61
218 163
68 147
35 192
41 93
222 199
197 106
9 81
152 66
186 108
232 104
135 209
225 163
101 143
137 135
189 144
37 197
107 101
6 47
58 31
165 71
130 180
96 8
36 92
7 167
158 143
135 100
125 7
123 158
189 223
35 193
87 30
181 230
119 128
222 25
40 63
113 9
171 15
142 94
179 66
179 68
10 96
47 104
209 15
195 46
37 189
8 31
50 50
136 175
108 6
24 151
82 23
106 11
75 28
146 82
132 91
172 147
119 225
233 183
11 143
205 228
119 227
134 227
157 191
94 30
145 177
5 106
150 165
36 91
112 40
193 124
215 28
70 181
167 212
149 171
86 211
38 99
206 9
113 3
109 79
148 51
102 161
83 138
186 164
13 147
15 192
36 118
220 232
112 62
126 24
162 201
86 60
220 160
175 197
25 131
51 78
114 204
115 169
43 1
89 76
152 84
128 18
17 186
53 42
89 134
103 38
106 15
138 65
128 24
145 19
72 108
50 169
111 191
144 168
85 176
54 210
185 187
58 164
88 228
165 159
197 144
147 102
50 21
71 184
211 4
109 80
45 175
18 181
66 64
201 116
113 45
164 81
2 148
26 62
84 86
29 173
183 223
182 129
6 230
42 109
89 138
180 173
195 219
101 36
182 18
163 67
131 168
15 149
71 57
218 181
46 160
211 104
197 171
181 104
71 228
130 69
215 200
45 71
51 61
77 82
100 111
202 13
179 68
55 113
145 141
46 176
134 180
48 233
187 104
96 214
118 61
154 49
3 4
117 32
121 178
135 207
89 3
99 110
103 174
91 198
193 219
119 36
178 20
20 210
14 18
94 50
103 72
203 170
149 197
36 55
18 78
130 51
39 1
66 154
232 128
138 144
46 192
36 13
132 108
81 153
2 43
27 115
47 196
60 76
69 8
62 106
101 81
151 176
192 59
45 113
160 182
208 198
226 129
230 9
26 67
149 9
93 125
51 160
55 16
133 38
123 181
154 211
168 233
130 66
199 37
227 45
164 206
46 45
104 24
168 125
175 216
177 220
212 39
138 178
22 144
173 29
219 217
98 139
154 215
62 45
142 31
207 228
63 227
138 172
68 25
67 158
132 63
146 228
216 201
178 119
31 126
162 154
67 48
32 144
31 220
8 76
20 123
218 150
205 74
103 15
127 141
32 77
196 113
34 187
25 156
186 167
129 139
163 63
143 13
60 18
177 24
169 173
70 204
160 26
197 171
122 34
77 124
137 119
98 174
137 180
151 111
75 7
146 66
166 139
38 84
186 46
39 105
211 25
43 113
165 226
87 81
79 193
23 177
42 67
